1.0 
1.0 
1.0 
1.0 
1.0 
1.0 
1.0 
1.0 
1.0 
1.0 
1.0 
1.0 
1.0 
1.0 
1.0 
1.0 
1.0 
1.0 
1.0 
1.0 
1.0 
1.0 
1.0 
1.0 
1.0 
1.0 
1.0 
1.0 
1.0 
1.0 
1.0 
1.0 
1.0 
1.0 
1.0 
1.0 
1.0 
1.0 
1.0 
1.0 
1.0 
1.0 
1.0 
1.0 
1.0 
1.0 
1.0 
1.0 
1.0 
1.0 
1.0 
1.0 
1.0 
1.0 
1.0 
1.0 
1.0 
1.0 
1.0 
1.0 
1.0 
1.0 
1.0 
1.0 
1.0 
1.0 
1.0 
1.0 
1.0 
1.0 
1.0 
1.0 
1.0 
1.0 
1.0 
1.0 
1.0 
1.0 
1.0 
1.0 
1.0 
1.0 
1.0 
1.0 
1.0 
1.0 
1.0 
1.0 
1.0 
1.0 
1.0 
1.0 
1.0 
1.0 
1.0 
1.0 
1.0 
1.0 
1.0 
1.0 
1.0 
1.0 
1.0 
1.0 
1.0 
1.0 
1.0 
1.0 
1.0 
1.0 
1.0 
1.0 
1.0 
1.0 
1.0 
1.0 
1.0 
1.0 
1.0 
1.0 
1.0 
1.0 
1.0 
1.0 
1.0 
1.0 
1.0 
1.0 
1.0 
1.0 
1.0 
1.0 
1.0 
1.0 
1.0 
1.0 
1.0 
1.0 
1.0 
1.0 
1.0 
1.0 
1.0 
1.0 
1.0 
1.0 
1.0 
1.0 
1.0 
1.0 
1.0 
1.0 
1.0 
1.0 
1.0 
1.0 
1.0 
1.0 
1.0 
1.0 
1.0 
1.0 
1.0 
1.0 
1.0 
1.0 
1.0 
1.0 
1.0 
1.0 
1.0 
1.0 
1.0 
1.0 
1.0 
1.0 
1.0 
1.0 
1.0 
1.0 
1.0 
1.0 
1.0 
1.0 
1.0 
1.0 
1.0 
1.0 
1.0 
1.0 
1.0 
1.0 
1.0 
1.0 
1.0 
1.0 
1.0 
1.0 
1.0 
1.0 
1.0 
1.0 
1.0 
1.0 
1.0 
1.0 
1.0 
1.0 
1.0 
1.0 
1.0 
1.0 
1.0 
1.0 
1.0 
1.0 
1.0 
1.0 
1.0 
1.0 
1.0 
1.0 
1.0 
1.0 
1.0 
1.0 
1.0 
1.0 
1.0 
1.0 
1.0 
1.0 
1.0 
1.0 
1.0 
1.0 
1.0 
1.0 
1.0 
1.0 
1.0 
1.0 
1.0 
1.0 
1.0 
1.0 
1.0 
1.0 
1.0 
1.0 
1.0 
1.0 
1.0 
1.0 
1.0 
1.0 
1.0 
1.0 
1.0 
1.0 
1.0 
1.0 
1.0 
1.0 
1.0 
1.0 
1.0 
1.0 
1.0 
1.0 
1.0 
1.0 
1.0 
1.0 
1.0 
1.0 
1.0 
1.0 
1.0 
1.0 
1.0 
1.0 
1.0 
1.0 
1.0 
1.0 
1.0 
1.0 
1.0 
1.0 
1.0 
1.0 
1.0 
1.0 
1.0 
1.0 
1.0 
1.0 
1.0 
1.0 
1.0 
1.0 
1.0 
1.0 
1.0 
1.0 
1.0 
1.0 
1.0 
1.0 
1.0 
1.0 
1.0 
1.0 
1.0 
1.0 
1.0 
1.0 
1.0 
1.0 
1.0 
1.0 
1.0 
1.0 
1.0 
1.0 
1.0 
1.0 
1.0 
1.0 
1.0 
1.0 
1.0 
1.0 
1.0 
1.0 
1.0 
1.0 
1.0 
1.0 
1.0 
1.0 
1.0 
1.0 
1.0 
1.0 
1.0 
1.0 
1.0 
1.0 
1.0 
1.0 
1.0 
1.0 
1.0 
1.0 
1.0 
1.0 
1.0 
1.0 
1.0 
1.0 
1.0 
1.0 
1.0 
1.0 
1.0 
1.0 
1.0 
1.0 
1.0 
1.0 
1.0 
1.0 
1.0 
1.0 
1.0 
1.0 
1.0 
1.0 
1.0 
1.0 
1.0 
1.0 
1.0 
1.0 
1.0 
1.0 
1.0 
1.0 
1.0 
1.0 
1.0 
1.0 
1.0 
1.0 
1.0 
1.0 
1.0 
1.0 
1.0 
1.0 
1.0 
1.0 
1.0 
1.0 
1.0 
1.0 
1.0 
1.0 
1.0 
1.0 
1.0 
1.0 
1.0 
1.0 
1.0 
1.0 
1.0 
1.0 
1.0 
1.0 
1.0 
1.0 
1.0 
1.0 
1.0 
1.0 
1.0 
1.0 
1.0 
1.0 
1.0 
1.0 
1.0 
1.0 
1.0 
1.0 
1.0 
1.0 
1.0 
1.0 
1.0 
1.0 
1.0 
1.0 
1.0 
1.0 
1.0 
1.0 
1.0 
1.0 
1.0 
1.0 
1.0 
1.0 
1.0 
1.0 
1.0 
1.0 
1.0 
1.0 
1.0 
1.0 
1.0 
1.0 
1.0 
1.0 
1.0 
1.0 
1.0 
1.0 
1.0 
1.0 
1.0 
1.0 
1.0 
1.0 
1.0 
1.0 
1.0 
1.0 
1.0 
1.0 
1.0 
1.0 
1.0 
1.0 
1.0 
1.0 
1.0 
1.0 
1.0 
1.0 
1.0 
1.0 
1.0 
1.0 
1.0 
1.0 
1.0 
1.0 
1.0 
1.0 
1.0 
1.0 
1.0 
1.0 
1.0 
1.0 
1.0 
1.0 
1.0 
1.0 
1.0 
1.0 
1.0 
1.0 
1.0 
1.0 
1.0 
1.0 
1.0 
1.0 
1.0 
1.0 
1.0 
1.0 
1.0 
1.0 
1.0 
1.0 
1.0 
1.0 
1.0 
1.0 
1.0 
1.0 
1.0 
1.0 
1.0 
1.0 
1.0 
1.0 
1.0 
1.0 
1.0 
1.0 
1.0 
1.0 
1.0 
1.0 
1.0 
1.0 
1.0 
1.0 
1.0 
1.0 
1.0 
1.0 
1.0 
1.0 
1.0 
1.0 
1.0 
1.0 
1.0 
1.0 
1.0 
1.0 
1.0 
1.0 
1.0 
1.0 
1.0 
1.0 
1.0 
1.0 
1.0 
1.0 
1.0 
1.0 
1.0 
1.0 
1.0 
1.0 
1.0 
1.0 
1.0 
1.0 
1.0 
1.0 
1.0 
1.0 
1.0 
1.0 
1.0 
1.0 
1.0 
1.0 
1.0 
1.0 
1.0 
1.0 
1.0 
1.0 
1.0 
1.0 
1.0 
1.0 
1.0 
1.0 
1.0 
1.0 
1.0 
1.0 
1.0 
1.0 
1.0 
1.0 
1.0 
1.0 
1.0 
1.0 
1.0 
1.0 
1.0 
1.0 
1.0 
1.0 
1.0 
1.0 
1.0 
1.0 
1.0 
1.0 
1.0 
1.0 
1.0 
1.0 
1.0 
1.0 
1.0 
1.0 
1.0 
1.0 
1.0 
1.0 
1.0 
1.0 
1.0 
1.0 
1.0 
1.0 
1.0 
1.0 
1.0 
1.0 
1.0 
1.0 
1.0 
1.0 
1.0 
1.0 
1.0 
1.0 
1.0 
1.0 
1.0 
1.0 
1.0 
1.0 
1.0 
1.0 
1.0 
1.0 
1.0 
1.0 
1.0 
1.0 
1.0 
1.0 
1.0 
1.0 
1.0 
1.0 
1.0 
1.0 
1.0 
1.0 
1.0 
1.0 
1.0 
1.0 
1.0 
1.0 
1.0 
1.0 
1.0 
1.0 
1.0 
1.0 
1.0 
1.0 
1.0 
1.0 
1.0 
1.0 
1.0 
1.0 
1.0 
1.0 
1.0 
1.0 
1.0 
1.0 
1.0 
1.0 
1.0 
1.0 
1.0 
1.0 
1.0 
1.0 
1.0 
1.0 
1.0 
1.0 
1.0 
1.0 
1.0 
1.0 
1.0 
1.0 
1.0 
1.0 
1.0 
1.0 
1.0 
1.0 
1.0 
1.0 
1.0 
1.0 
1.0 
1.0 
1.0 
1.0 
1.0 
1.0 
1.0 
1.0 
1.0 
1.0 
1.0 
1.0 
1.0 
1.0 
1.0 
1.0 
1.0 
1.0 
1.0 
1.0 
1.0 
1.0 
1.0 
1.0 
1.0 
1.0 
1.0 
1.0 
1.0 
1.0 
1.0 
1.0 
1.0 
1.0 
1.0 
1.0 
1.0 
1.0 
1.0 
1.0 
1.0 
1.0 
1.0 
1.0 
1.0 
1.0 
1.0 
1.0 
1.0 
1.0 
1.0 
1.0 
1.0 
1.0 
1.0 
1.0 
1.0 
1.0 
1.0 
1.0 
1.0 
1.0 
1.0 
1.0 
1.0 
1.0 
1.0 
1.0 
1.0 
1.0 
1.0 
1.0 
1.0 
1.0 
1.0 
1.0 
1.0 
1.0 
1.0 
1.0 
1.0 
1.0 
1.0 
1.0 
1.0 
1.0 
1.0 
1.0 
1.0 
1.0 
1.0 
1.0 
1.0 
1.0 
1.0 
1.0 
1.0 
1.0 
1.0 
1.0 
1.0 
1.0 
1.0 
1.0 
1.0 
1.0 
1.0 
1.0 
1.0 
1.0 
1.0 
1.0 
1.0 
1.0 
1.0 
1.0 
1.0 
1.0 
1.0 
1.0 
1.0 
1.0 
1.0 
1.0 
1.0 
1.0 
1.0 
1.0 
1.0 
1.0 
1.0 
1.0 
1.0 
1.0 
1.0 
1.0 
1.0 
1.0 
1.0 
1.0 
1.0 
1.0 
1.0 
1.0 
1.0 
1.0 
1.0 
1.0 
1.0 
1.0 
1.0 
1.0 
1.0 
1.0 
1.0 
1.0 
1.0 
1.0 
1.0 
1.0 
1.0 
1.0 
1.0 
1.0 
1.0 
1.0 
1.0 
1.0 
1.0 
1.0 
1.0 
1.0 
1.0 
1.0 
1.0 
1.0 
1.0 
1.0 
1.0 
1.0 
1.0 
1.0 
1.0 
1.0 
1.0 
1.0 
1.0 
1.0 
1.0 
1.0 
1.0 
1.0 
1.0 
1.0 
1.0 
1.0 
1.0 
1.0 
1.0 
1.0 
1.0 
1.0 
1.0 
1.0 
1.0 
1.0 
1.0 
1.0 
1.0 
1.0 
1.0 
1.0 
1.0 
1.0 
1.0 
1.0 
1.0 
1.0 
1.0 
1.0 
1.0 
1.0 
1.0 
0.95976 0.04024 
0.754692 0.245308 
0.727626 0.272374 
0.930364 0.069636 
0.296741 0.703259 
0.10074 0.89926 
0.098419 0.901581 
0.295874 0.704126 
0.978082 0.021918 
0.82828 0.17172 
0.80383 0.19617 
1.0 
0.978202 0.021798 
0.846899 0.153101 
1.0 
1.0 
1.0 
1.0 
1.0 
1.0 
1.0 
1.0 
1.0 
1.0 
0.985934 0.014065 
1.0 
0.869151 0.130849 
0.858935 0.141065 
0.643896 0.356104 
0.603797 0.396203 
0.447743 0.552257 
0.471361 0.528639 
0.481982 0.518018 
0.338923 0.661077 
0.64061 0.35939 
0.599007 0.400993 
0.141566 0.858434 
0.374522 0.625478 
0.316676 0.683324 
0.569842 0.430158 
0.564339 0.435661 
0.489408 0.510592 
0.457337 0.542663 
0.549547 0.450453 
0.104966 0.895034 
0.157971 0.842029 
0.217037 0.782963 
0.202081 0.797919 
0.181846 0.818154 
0.10235 0.89765 
0.078588 0.921412 
0.171151 0.828849 
0.237819 0.762181 
0.143352 0.856648 
0.344885 0.655115 
0.514513 0.485487 
0.45324 0.54676 
0.09625 0.90375 
1.0 
1.0 
1.0 
0.726601 0.273399 
0.364769 0.635231 
0.728081 0.271919 
1.0 
1.0 
1.0 
1.0 
1.0 
1.0 
1.0 
0.025753 0.974247 
0.939278 0.060722 
0.73644 0.26356 
0.762961 0.237039 
0.947905 0.052095 
0.971645 0.028355 
0.808635 0.191365 
0.54847 0.45153 
0.322986 0.677014 
1.0 
1.0 
0.162925 0.837075 
0.402254 0.597746 
1.0 
1.0 
0.871203 0.128797 
1.0 
1.0 
1.0 
1.0 
1.0 
1.0 
1.0 
1.0 
1.0 
1.0 
1.0 
1.0 
1.0 
0.019578 0.980422 
0.018877 0.981123 
1.0 
1.0 
1.0 
1.0 
1.0 
0.026718 0.973282 
1.0 
1.0 
1.0 
1.0 
1.0 
1.0 
1.0 
1.0 
1.0 
1.0 
1.0 
1.0 
1.0 
1.0 
1.0 
1.0 
1.0 
1.0 
1.0 
1.0 
1.0 
1.0 
1.0 
1.0 
1.0 
1.0 
1.0 
1.0 
1.0 
1.0 
0.905299 0.094701 
0.138389 0.861611 
1.0 
1.0 
0.989628 0.010372 
0.75895 0.24105 
1.0 
1.0 
0.437118 0.562882 
0.827292 0.172708 
0.066026 0.933974 
1.0 
1.0 
1.0 
1.0 
0.798726 0.201274 
1.0 
1.0 
1.0 
1.0 
0.033171 0.966829 
0.054922 0.945078 
1.0 
1.0 
1.0 
1.0 
0.112099 0.887901 
0.608005 0.391995 
0.307448 0.692552 
1.0 
1.0 
1.0 
1.0 
0.762742 0.237258 
1.0 
1.0 
1.0 
1.0 
1.0 
0.40372 0.59628 
0.160928 0.839072 
1.0 
1.0 
1.0 
1.0 
1.0 
0.064078 0.935922 
0.832563 0.167437 
0.063369 0.936631 
0.03579 0.96421 
0.15 0.85 
1.0 
1.0 
0.15 0.85 
0.047372 0.952628 
0.113522 0.886478 
0.094557 0.905443 
0.094071 0.905929 
1.0 
1.0 
1.0 
0.068278 0.931722 
1.0 
0.15 0.85 
0.104662 0.895338 
0.037939 0.962061 
0.080328 0.919672 
0.15 0.85 
1.0 
0.07632 0.92368 
0.103419 0.896581 
0.097468 0.902532 
0.284573 0.715427 
0.237344 0.762656 
0.216797 0.783203 
1.0 
1.0 
1.0 
1.0 
1.0 
1.0 
1.0 
1.0 
1.0 
1.0 
1.0 
1.0 
1.0 
1.0 
1.0 
1.0 
1.0 
1.0 
1.0 
1.0 
1.0 
1.0 
1.0 
1.0 
0.450208 0.549792 
0.371601 0.628399 
0.439446 0.560554 
0.371851 0.628149 
0.54209 0.45791 
0.796928 0.203072 
1.0 
1.0 
0.029414 0.970586 
0.03692 0.96308 
0.023301 0.976699 
1.0 
1.0 
0.02 0.98 
0.089713 0.910287 
0.135425 0.864575 
1.0 
1.0 
1.0 
1.0 
1.0 
0.170695 0.829306 
0.016642 0.983359 
0.133415 0.866585 
1.0 
1.0 
1.0 
1.0 
0.236423 0.763578 
0.236625 0.763375 
0.394497 0.605503 
0.550776 0.449224 
1.0 
1.0 
1.0 
1.0 
1.0 
1.0 
1.0 
1.0 
0.94566 0.05434 
0.66597 0.33403 
0.544391 0.455609 
0.859119 0.140881 
0.568382 0.431618 
0.748367 0.251633 
0.938071 0.061929 
0.192475 0.807525 
0.025853 0.974147 
1.0 
1.0 
1.0 
1.0 
1.0 
0.080384 0.919616 
0.194752 0.805248 
1.0 
1.0 
0.033447 0.966553 
0.030052 0.969948 
0.2 0.8 
0.2 0.8 
0.46 0.54 
0.46 0.54 
0.61088 0.38912 
0.46 0.54 
0.61088 0.38912 
0.868213 0.131787 
0.941762 0.058238 
0.895875 0.104125 
0.782336 0.217664 
1.0 
1.0 
1.0 
1.0 
1.0 
0.95263 0.04737 
0.951671 0.048329 
1.0 
0.891614 0.108386 
0.891024 0.108976 
1.0 
0.948114 0.051886 
1.0 
1.0 
1.0 
0.780211 0.219789 
0.784144 0.215856 
0.896009 0.103991 
0.61088 0.38912 
0.46 0.54 
0.61088 0.38912 
0.939218 0.060782 
1.0 
1.0 
1.0 
0.863657 0.136343 
0.848147 0.151853 
0.61088 0.38912 
0.61088 0.38912 
0.46 0.54 
0.46 0.54 
0.61088 0.38912 
0.46 0.54 
0.839513 0.160487 
0.2 0.8 
0.2 0.8 
0.2 0.8 
0.029587 0.970413 
0.46 0.54 
0.2 0.8 
0.61088 0.38912 
0.2 0.8 
0.2 0.8 
0.059554 0.940446 
0.070455 0.929545 
1.0 
1.0 
0.049986 0.950014 
0.039622 0.960378 
1.0 
1.0 
1.0 
1.0 
1.0 
0.048626 0.951374 
1.0 
1.0 
1.0 
1.0 
1.0 
1.0 
1.0 
1.0 
0.026663 0.973337 
0.816388 0.183612 
0.647263 0.352737 
0.73642 0.26358 
0.133416 0.866584 
0.147965 0.852035 
0.85 0.15 
0.85 0.15 
0.75 0.25 
0.8 0.2 
0.8 0.2 
0.8 0.2 
0.767125 0.232875 
0.29533 0.70467 
0.85 0.15 
0.300653 0.699346 
0.35 0.65 
1.0 
0.64 0.18 0.18 
0.6 0.2 0.2 
0.759556 0.11862 0.121824 
1.0 
0.103704 0.896296 
0.296877 0.703123 
0.372372 0.627628 
0.107558 0.892442 
0.079776 0.920224 
0.215319 0.784681 
0.960423 0.039577 
0.931164 0.068836 
0.729911 0.270089 
0.757338 0.242662 
0.299518 0.700482 
0.298652 0.701348 
0.100641 0.899359 
0.103027 0.896973 
0.978366 0.021634 
1.0 
0.80619 0.19381 
0.830232 0.169768 
0.848576 0.151424 
0.978517 0.021483 
1.0 
1.0 
1.0 
1.0 
1.0 
1.0 
1.0 
1.0 
1.0 
1.0 
0.986219 0.013781 
0.860428 0.139572 
0.870716 0.129284 
1.0 
0.606696 0.393304 
0.646517 0.353483 
0.450796 0.549204 
0.473441 0.526559 
0.484059 0.515941 
0.341284 0.658716 
0.643116 0.356884 
0.602 0.398 
0.144376 0.855624 
0.319633 0.680367 
0.376929 0.623071 
0.567199 0.432801 
0.572542 0.427458 
0.491868 0.508132 
0.551636 0.448364 
0.460124 0.539876 
0.106362 0.893638 
0.204644 0.795356 
0.220212 0.779788 
0.160127 0.839873 
0.185478 0.814522 
0.173766 0.826234 
0.080351 0.919649 
0.104436 0.895564 
0.240218 0.759782 
0.147087 0.852913 
0.456559 0.543441 
0.517937 0.482063 
0.347906 0.652094 
1.0 
0.100344 0.899656 
1.0 
1.0 
0.728632 0.271368 
0.729848 0.270152 
0.368593 0.631407 
1.0 
1.0 
1.0 
1.0 
1.0 
1.0 
0.025341 0.974659 
1.0 
0.939923 0.060077 
0.94857 0.05143 
0.7651 0.2349 
0.738589 0.261411 
0.97208 0.02792 
0.810716 0.189284 
0.55128 0.44872 
0.325306 0.674694 
1.0 
1.0 
0.165238 0.834762 
0.405386 0.594614 
1.0 
1.0 
0.872672 0.127327 
1.0 
1.0 
1.0 
1.0 
1.0 
1.0 
1.0 
1.0 
1.0 
1.0 
1.0 
1.0 
1.0 
0.019365 0.980635 
1.0 
1.0 
0.019265 0.980735 
1.0 
0.026785 0.973215 
1.0 
1.0 
1.0 
1.0 
1.0 
1.0 
1.0 
1.0 
1.0 
1.0 
1.0 
1.0 
1.0 
1.0 
1.0 
1.0 
1.0 
1.0 
1.0 
1.0 
1.0 
1.0 
1.0 
1.0 
1.0 
1.0 
1.0 
1.0 
1.0 
1.0 
1.0 
1.0 
0.906197 0.093803 
0.140397 0.859603 
1.0 
1.0 
0.7619 0.2381 
0.989754 0.010246 
1.0 
1.0 
0.440232 0.559768 
0.82945 0.17055 
1.0 
0.067244 0.932756 
1.0 
1.0 
1.0 
0.801311 0.198689 
1.0 
1.0 
1.0 
1.0 
0.032484 0.967516 
0.054687 0.945313 
1.0 
1.0 
1.0 
1.0 
0.114735 0.885265 
0.610665 0.389335 
0.310453 0.689547 
1.0 
1.0 
1.0 
1.0 
0.765778 0.234222 
1.0 
1.0 
1.0 
1.0 
1.0 
0.16323 0.83677 
0.406857 0.593143 
1.0 
1.0 
1.0 
1.0 
1.0 
0.065214 0.934786 
0.834506 0.165494 
0.035348 0.964652 
0.063229 0.936771 
0.153745 0.846255 
0.152852 0.847148 
1.0 
1.0 
0.115324 0.884676 
0.047989 0.952011 
0.09229 0.90771 
1.0 
1.0 
0.091622 0.908378 
0.067352 0.932648 
1.0 
1.0 
0.038848 0.961152 
0.152222 0.847778 
1.0 
0.154934 0.845066 
0.075885 0.924115 
0.096976 0.903024 
0.235292 0.764708 
0.280409 0.719591 
1.0 
1.0 
1.0 
1.0 
1.0 
1.0 
1.0 
1.0 
1.0 
1.0 
1.0 
1.0 
1.0 
1.0 
1.0 
1.0 
1.0 
1.0 
1.0 
1.0 
1.0 
1.0 
1.0 
1.0 
0.439054 0.560946 
0.44265 0.55735 
0.797272 0.202728 
0.545934 0.454066 
0.379752 0.620248 
1.0 
0.038135 0.961865 
0.03084 0.96916 
1.0 
1.0 
0.024212 0.975788 
1.0 
0.020195 0.979805 
0.090125 0.909875 
0.138079 0.861921 
1.0 
1.0 
1.0 
1.0 
1.0 
0.170285 0.829715 
0.136317 0.863683 
0.016712 0.983288 
1.0 
1.0 
1.0 
1.0 
0.23714 0.76286 
0.237585 0.762415 
0.544801 0.455199 
0.392062 0.607938 
1.0 
1.0 
1.0 
1.0 
1.0 
1.0 
1.0 
1.0 
0.945753 0.054247 
0.667963 0.332037 
0.542333 0.457667 
0.85772 0.14228 
0.611442 0.388558 
0.748323 0.251677 
0.937799 0.062201 
0.02543 0.97457 
0.190828 0.809172 
1.0 
1.0 
1.0 
1.0 
1.0 
0.0788 0.9212 
0.193228 0.806772 
1.0 
1.0 
0.02943 0.97057 
0.032846 0.967154 
0.195777 0.804223 
0.193246 0.806754 
0.470621 0.529379 
0.44882 0.55118 
0.61088 0.38912 
0.600417 0.399583 
0.448099 0.551901 
0.854658 0.145342 
0.77964 0.22036 
0.894732 0.105268 
0.938613 0.061387 
1.0 
1.0 
1.0 
1.0 
0.947495 0.052506 
0.950734 0.049266 
1.0 
1.0 
0.889181 0.110819 
0.889619 0.110381 
1.0 
0.945993 0.054007 
1.0 
1.0 
1.0 
0.780211 0.219789 
0.784061 0.215939 
0.884201 0.115799 
0.61088 0.38912 
0.61088 0.38912 
0.473654 0.526346 
0.936776 0.063224 
1.0 
1.0 
1.0 
0.855766 0.144234 
0.840892 0.159107 
0.608728 0.391272 
0.449227 0.550773 
0.452378 0.547622 
0.592298 0.407702 
0.594459 0.405541 
0.448611 0.551389 
0.834964 0.165036 
0.19913 0.80087 
0.198642 0.801358 
0.194615 0.805385 
0.028979 0.971021 
0.196719 0.803281 
0.475342 0.524658 
0.61088 0.38912 
0.197369 0.802631 
0.19783 0.80217 
0.068672 0.931328 
0.059778 0.940222 
1.0 
0.049387 0.950613 
1.0 
1.0 
0.03896 0.96104 
1.0 
1.0 
1.0 
0.047576 0.952424 
1.0 
1.0 
1.0 
1.0 
1.0 
1.0 
1.0 
1.0 
1.0 
0.0263 0.9737 
0.621893 0.378107 
0.546887 0.453113 
0.626585 0.373415 
0.137545 0.862455 
0.186385 0.813615 
0.850336 0.149664 
0.846696 0.153304 
0.793912 0.206088 
0.742459 0.257541 
0.80238 0.19762 
0.800922 0.199078 
0.768539 0.231461 
0.850367 0.149633 
0.298836 0.701164 
0.352111 0.647889 
0.099995 0.900005 
0.329996 0.670004 
0.35393 0.64607 
0.099994 0.900006 
0.099994 0.854923 0.045083 
0.303971 0.696029 
0.29147 0.70853 
0.099995 0.86674 0.033265 
0.099998 0.533727 0.366275 
0.099997 0.463654 0.436349 
0.600572 0.259428 0.14 
0.575663 0.284337 0.14 
0.15151 0.456192 0.352298 0.04 
0.15151 0.456192 0.352298 0.04 
0.04 0.30415 0.487974 0.167876 
0.04 0.30415 0.487974 0.167876 
0.04 0.30415 0.487974 0.167876 
0.15151 0.456192 0.352298 0.04 
0.15151 0.456192 0.352298 0.04 
0.04 0.30415 0.487974 0.167876 
0.099997 0.566144 0.33386 
0.099996 0.564226 0.335778 
0.8448 0.1552 
0.848388 0.151612 
0.691234 0.168766 0.14 
0.814499 0.185501 
0.803433 0.196567 
0.637286 0.222714 0.14 
0.299092 0.534064 0.166844 
0.100004 0.899996 
0.329997 0.670003 
0.04 0.30415 0.487974 0.167876 
0.15151 0.456192 0.352298 0.04 
0.1 0.569044 0.330957 
1.0 
1.0 
0.793078 0.166922 0.04 
0.89872 0.10128 
0.858114 0.141886 
0.745954 0.214046 0.04 
0.427803 0.445885 0.126311 
0.325756 0.521817 0.152427 
1.0 
1.0 
1.0 
1.0 
0.941029 0.058971 
1.0 
0.791811 0.208189 
0.832464 0.167536 
0.707111 0.292889 
0.622255 0.377745 
0.829852 0.170148 
0.660079 0.339921 
0.911766 0.088234 
1.0 
0.641391 0.358609 
1.0 
1.0 
1.0 
1.0 
0.646332 0.353668 
0.881811 0.118189 
0.911572 0.088428 
0.685214 0.314786 
0.946225 0.053775 
0.884812 0.115188 
0.950612 0.049388 
1.0 
1.0 
1.0 
1.0 
1.0 
0.962626 0.037374 
1.0 
1.0 
1.0 
0.978993 0.021007 
1.0 
1.0 
1.0 
1.0 
1.0 
1.0 
1.0 
0.274715 0.530343 0.194942 
0.386456 0.542899 0.070644 
0.298447 0.595639 0.105914 
0.208862 0.517353 0.273785 
0.500056 0.475735 0.024209 
0.348846 0.531033 0.120121 
0.805275 0.194725 
0.843135 0.156865 
0.88157 0.11843 
0.593296 0.406704 
0.467174 0.496153 0.036673 
0.275994 0.642434 0.081572 
0.426261 0.563133 0.010606 
0.239517 0.584362 0.176121 
0.139208 0.587886 0.272906 
0.132074 0.414442 0.453484 
0.073379 0.334559 0.592062 
0.377601 0.417606 0.204793 
0.68171 0.31829 
0.926433 0.073567 
1.0 
1.0 
0.58809 0.41191 
0.782387 0.217613 
1.0 
1.0 
0.448634 0.551366 
0.38165 0.61835 
0.369978 0.630022 
0.519975 0.480025 
0.100003 0.52185 0.378146 
0.274623 0.725377 
0.258195 0.741805 
0.100001 0.481858 0.418141 
0.04 0.30415 0.487974 0.167876 
0.04 0.30415 0.487974 0.167876 
0.04 0.30415 0.487974 0.167876 
0.15151 0.456192 0.352298 0.04 
0.607371 0.252629 0.14 
0.04 0.30415 0.487974 0.167876 
0.15151 0.456192 0.352298 0.04 
0.55957 0.30043 0.14 
0.254028 0.745972 
1.0 
0.15151 0.456192 0.352298 0.04 
0.15151 0.456192 0.352298 0.04 
0.1 0.489421 0.410579 
1.0 
1.0 
0.508863 0.351137 0.14 
0.500656 0.359344 0.14 
0.866752 0.133248 
0.890362 0.109638 
0.087497 0.123985 0.788517 
0.039996 0.046858 0.913146 
0.039996 0.058114 0.90189 
0.05287 0.259967 0.687163 
0.492663 0.35731 0.150026 
0.486149 0.36382 0.150031 
0.636257 0.263737 0.100006 
0.644047 0.255949 0.100004 
0.115254 0.386493 0.498253 
0.084813 0.372583 0.542604 
1.0 
0.799674 0.100127 0.100199 
0.4794 0.100176 0.420424 
0.849836 0.150164 
1.0 
0.800045 0.199955 
0.90003 0.09997 
0.595436 0.09993 0.304634 
0.44207 0.191969 0.365962 
0.478414 0.521586 
0.340726 0.194478 0.464796 
0.236955 0.763044 
0.472464 0.527536 
0.216901 0.783099 
0.065818 0.934182 
0.174561 0.825439 
0.424403 0.575597 
0.085657 0.914343 
0.085622 0.914378 
0.085686 0.914314 
0.085687 0.914313 
0.057897 0.942103 
0.050979 0.949021 
0.08566 0.91434 
0.259465 0.740535 
0.382236 0.617764 
0.02875 0.97125 
0.899259 0.100741 
0.89928 0.10072 
0.046606 0.953394 
0.899309 0.100691 
0.045349 0.954651 
0.085626 0.914374 
0.026653 0.973347 
0.197539 0.350669 0.451791 
0.392558 0.607442 
0.085645 0.914355 
0.023929 0.976071 
0.899225 0.100775 
0.89922 0.10078 
0.89921 0.10079 
0.449412 0.550588 
0.449397 0.550603 
0.449377 0.550623 
0.02976 0.97024 
0.02677 0.97323 
0.063132 0.936868 
0.049659 0.950341 
0.130011 0.869989 
0.018753 0.981247 
0.048044 0.951956 
1.0 
1.0 
1.0 
1.0 
0.010973 0.989027 
0.949884 0.050116 
0.949893 0.050107 
0.949875 0.050125 
0.068546 0.931454 
0.277468 0.722532 
0.307385 0.692615 
0.049936 0.950064 
0.021058 0.978942 
0.038279 0.961721 
1.0 
1.0 
1.0 
0.307744 0.186387 0.505869 
0.080887 0.919113 
0.213272 0.786728 
0.358157 0.641843 
0.125454 0.874546 
0.508572 0.246445 0.244984 
1.0 
0.200706 0.799294 
0.011619 0.988381 
0.358453 0.31984 0.321708 
0.049921 0.950079 
0.049928 0.950072 
0.249502 0.750498 
0.451945 0.548055 
0.049933 0.950067 
1.0 
1.0 
1.0 
0.049919 0.950081 
0.049917 0.950083 
1.0 
1.0 
0.01557 0.98443 
0.088959 0.710896 0.200145 
0.043256 0.956744 
0.456518 0.543482 
0.04994 0.95006 
0.049941 0.950059 
0.049949 0.950051 
0.42622 0.150682 0.423098 
0.651164 0.348836 
0.049953 0.950047 
0.049944 0.950056 
0.899531 0.100469 
0.899549 0.100451 
0.899459 0.100541 
0.499552 0.500448 
0.499554 0.500446 
0.49954 0.50046 
0.149533 0.850467 
0.049955 0.950045 
0.899533 0.100467 
0.593207 0.406793 
0.817757 0.099919 0.082324 
0.77754 0.099911 0.122549 
0.433615 0.566385 
0.635782 0.364218 
0.78465 0.21535 
0.459236 0.540764 
0.050165 0.949835 
0.10831 0.89169 
0.049905 0.950095 
0.049934 0.950066 
0.049919 0.950081 
1.0 
1.0 
0.056044 0.642998 0.300958 
0.305392 0.694608 
0.406062 0.593938 
1.0 
1.0 
1.0 
0.949858 0.050142 
0.949863 0.050137 
0.949859 0.050141 
1.0 
1.0 
1.0 
0.700023 0.299977 
1.0 
1.0 
1.0 
0.099954 0.900046 
1.0 
1.0 
0.099958 0.900042 
1.0 
1.0 
0.099951 0.900048 
0.349832 0.650168 
0.799805 0.200195 
0.7998 0.2002 
0.349833 0.650167 
1.0 
0.822367 0.177633 
0.099967 0.900033 
0.099966 0.900034 
1.0 
0.860962 0.139038 
0.73498 0.215039 0.049981 
1.0 
1.0 
1.0 
1.0 
0.749838 0.250162 
0.330467 0.6194 0.050132 
0.643188 0.356812 
0.409354 0.340974 0.249671 
0.149861 0.321873 0.528266 
0.11692 0.463482 0.419598 
0.161829 0.639068 0.199103 
0.099965 0.900035 
0.749782 0.250218 
0.099981 0.900019 
0.349807 0.650193 
0.349805 0.650195 
0.799785 0.200215 
0.799779 0.200221 
0.799787 0.200213 
0.349815 0.650185 
0.349832 0.650168 
0.799812 0.200188 
0.949968 0.050032 
0.949968 0.050032 
1.0 
1.0 
0.799814 0.200186 
0.799828 0.200172 
0.349838 0.650162 
0.349829 0.650171 
0.099968 0.900032 
1.0 
1.0 
1.0 
1.0 
1.0 
0.669325 0.330675 
1.0 
1.0 
0.777646 0.222354 
0.694694 0.305306 
0.250013 0.749987 
0.500052 0.499948 
0.05015 0.799689 0.150161 
0.197981 0.602262 0.199758 
0.04995 0.323158 0.626892 
0.063412 0.886408 0.05018 
0.650677 0.349323 
0.049998 0.252735 0.697268 
0.336332 0.663668 
0.85246 0.14754 
0.228828 0.771172 
0.20755 0.79245 
0.149719 0.850281 
0.149723 0.850277 
0.149632 0.850368 
0.217169 0.782831 
0.367691 0.632309 
0.120847 0.662407 0.216746 
0.466709 0.533291 
0.119752 0.686926 0.193322 
0.481669 0.518331 
0.149801 0.850199 
0.149802 0.850198 
0.149799 0.850201 
0.44906 0.55094 
0.349769 0.600121 0.050109 
0.25893 0.690996 0.050074 
0.249921 0.750079 
0.304789 0.695211 
0.085653 0.914347 
0.024751 0.975249 
0.899222 0.100778 
0.89929 0.10071 
0.449491 0.550509 
0.449455 0.550545 
0.099849 0.900151 
0.099847 0.900153 
0.099839 0.900161 
0.099831 0.900169 
0.099832 0.900168 
0.099826 0.900174 
0.449396 0.550604 
0.099825 0.900175 
0.449415 0.550585 
1.0 
1.0 
1.0 
1.0 
0.949731 0.050269 
0.94974 0.05026 
1.0 
0.949712 0.050288 
1.0 
0.949704 0.050296 
1.0 
0.949714 0.050286 
0.94973 0.05027 
1.0 
0.799223 0.200777 
0.799127 0.200873 
0.798969 0.201031 
0.798916 0.201084 
0.798949 0.201051 
0.299605 0.700395 
0.299585 0.700415 
0.299599 0.700401 
0.09984 0.90016 
0.449447 0.550553 
0.713559 0.286441 
0.701381 0.298619 
0.200605 0.799395 
0.252333 0.747667 
0.883814 0.116186 
1.0 
0.904069 0.095931 
1.0 
1.0 
1.0 
1.0 
1.0 
1.0 
1.0 
1.0 
1.0 
1.0 
1.0 
0.94997 0.05003 
0.949969 0.050031 
1.0 
1.0 
1.0 
1.0 
0.949968 0.050032 
0.949968 0.050032 
0.949969 0.050031 
1.0 
0.344933 0.655067 
0.14974 0.85026 
0.14979 0.85021 
0.040647 0.959353 
0.040657 0.959343 
0.949795 0.050205 
0.949766 0.050234 
0.949805 0.050195 
0.040654 0.959346 
0.949786 0.050214 
0.040657 0.959343 
0.949764 0.050236 
0.040654 0.959346 
0.949741 0.050259 
0.04064 0.95936 
0.949726 0.050274 
0.040632 0.959368 
0.799488 0.200512 
0.799413 0.200587 
0.79945 0.20055 
0.799687 0.200313 
0.799625 0.200375 
0.499681 0.500319 
0.499742 0.500258 
0.499435 0.500565 
0.499167 0.500833 
0.199866 0.800134 
0.199788 0.800212 
0.199703 0.800297 
0.199889 0.800111 
0.4997 0.5003 
0.199875 0.800125 
0.049963 0.950037 
0.049967 0.950033 
0.049959 0.950041 
0.799671 0.200329 
0.799595 0.200405 
0.499585 0.500415 
0.040633 0.959367 
0.949739 0.050261 
0.799528 0.200472 
0.499421 0.500579 
0.499271 0.500729 
0.199692 0.800308 
0.199756 0.800245 
0.049929 0.950071 
0.049913 0.950087 
0.049945 0.950055 
0.199826 0.800174 
0.8995 0.1005 
0.899518 0.100481 
0.899532 0.100468 
0.049953 0.950047 
0.899565 0.100435 
0.049953 0.950047 
0.499574 0.500426 
0.49957 0.50043 
0.149859 0.850141 
0.149852 0.850148 
0.499581 0.500419 
0.149863 0.850137 
0.149856 0.850144 
0.499565 0.500435 
0.14984 0.85016 
0.033128 0.966872 
0.03313 0.96687 
0.033132 0.966868 
0.033131 0.966869 
0.95 0.05 
0.949774 0.050226 
0.03313 0.96687 
0.950094 0.049906 
0.14985 0.85015 
0.499555 0.500445 
0.149842 0.850158 
0.149841 0.850159 
0.033128 0.966872 
0.033128 0.966872 
0.033128 0.966872 
0.949332 0.050668 
0.949343 0.050657 
1.0 
1.0 
1.0 
1.0 
0.949853 0.050147 
0.849479 0.150521 
0.849503 0.150497 
0.849488 0.150512 
0.94985 0.05015 
0.849523 0.150477 
0.949853 0.050147 
0.849502 0.150498 
0.949856 0.050144 
0.849465 0.150535 
0.949851 0.050149 
0.499519 0.500481 
0.499558 0.500442 
0.199774 0.800226 
0.199751 0.800249 
0.199767 0.800233 
0.49955 0.50045 
0.049919 0.950081 
0.049924 0.950076 
0.049926 0.950074 
0.499509 0.500491 
0.199741 0.800259 
0.499545 0.500455 
0.849509 0.150491 
0.499549 0.500452 
0.849449 0.150552 
0.499507 0.500493 
0.199781 0.800219 
0.199762 0.800238 
0.199783 0.800217 
0.499527 0.500473 
0.199761 0.800239 
0.949881 0.050118 
0.949871 0.050129 
0.949877 0.050123 
0.94988 0.05012 
0.949882 0.050118 
0.828084 0.171916 
0.828044 0.171956 
0.499491 0.500509 
0.499512 0.500488 
0.499512 0.500488 
0.828072 0.171928 
0.499555 0.500445 
0.828103 0.171897 
0.499591 0.500409 
0.828128 0.171872 
0.499577 0.500423 
0.828192 0.171808 
0.173471 0.826529 
0.173463 0.826537 
0.173452 0.826548 
0.173468 0.826532 
0.173462 0.826538 
0.049925 0.950075 
0.049927 0.950073 
0.049924 0.950076 
0.173444 0.826556 
0.499552 0.500448 
0.173448 0.826552 
0.828144 0.171856 
0.828193 0.171807 
0.499577 0.500423 
0.173447 0.826553 
0.04992 0.95008 
0.04992 0.95008 
0.049921 0.950079 
0.049919 0.950081 
0.049921 0.950079 
1.0 
1.0 
1.0 
1.0 
1.0 
1.0 
1.0 
1.0 
1.0 
1.0 
1.0 
1.0 
1.0 
1.0 
1.0 
1.0 
0.949501 0.050499 
0.9499 0.0501 
0.950076 0.049924 
0.950085 0.049915 
0.950029 0.049971 
0.800883 0.199117 
0.801712 0.198288 
0.800992 0.199008 
0.949771 0.050229 
0.949419 0.050581 
0.797046 0.202954 
0.79648 0.20352 
0.949293 0.050707 
0.799378 0.200622 
0.499022 0.500978 
0.495587 0.504413 
0.495184 0.504816 
0.798012 0.201988 
0.299547 0.700453 
0.799024 0.200976 
0.949737 0.050263 
0.799149 0.200851 
0.949738 0.050262 
0.799185 0.200815 
0.299687 0.700313 
0.29965 0.70035 
0.299625 0.700375 
0.099779 0.900221 
0.099775 0.900225 
1.0 
1.0 
0.09981 0.90019 
1.0 
1.0 
1.0 
1.0 
1.0 
1.0 
1.0 
1.0 
0.099832 0.900168 
0.099758 0.900242 
1.0 
1.0 
1.0 
0.29949 0.70051 
1.0 
0.099751 0.900249 
1.0 
0.099773 0.900227 
1.0 
0.099757 0.900243 
1.0 
1.0 
1.0 
1.0 
1.0 
1.0 
1.0 
1.0 
1.0 
1.0 
1.0 
1.0 
1.0 
1.0 
1.0 
1.0 
1.0 
0.501892 0.498108 
0.200553 0.799447 
0.199649 0.800351 
0.503319 0.496681 
0.200771 0.799229 
0.19997 0.80003 
0.502012 0.497988 
0.500139 0.499861 
0.199568 0.800432 
0.201535 0.798465 
0.49757 0.50243 
0.199125 0.800875 
0.050246 0.949754 
0.050058 0.949942 
1.0 
1.0 
1.0 
0.049912 0.950088 
1.0 
0.049828 0.950172 
1.0 
1.0 
1.0 
1.0 
1.0 
1.0 
1.0 
0.050158 0.949842 
1.0 
0.199106 0.800894 
0.049849 0.950151 
0.049969 0.950031 
1.0 
1.0 
0.800025 0.199975 
0.04979 0.95021 
1.0 
1.0 
1.0 
1.0 
1.0 
1.0 
1.0 
1.0 
1.0 
1.0 
1.0 
1.0 
1.0 
1.0 
1.0 
1.0 
1.0 
1.0 
1.0 
0.049929 0.950071 
1.0 
1.0 
0.049929 0.950071 
1.0 
1.0 
1.0 
1.0 
0.049917 0.950083 
0.049924 0.950076 
1.0 
1.0 
0.049929 0.950071 
1.0 
1.0 
0.950197 0.049803 
0.950288 0.049712 
1.0 
0.949896 0.050104 
1.0 
0.949389 0.050612 
1.0 
0.948943 0.051057 
1.0 
0.950202 0.049798 
0.95 0.05 
1.0 
0.80172 0.19828 
0.801365 0.198635 
0.454357 0.545643 
0.4499 0.5501 
0.799986 0.200014 
0.456334 0.543666 
1.0 
0.9494 0.0506 
0.949679 0.050321 
0.950027 0.049973 
0.950094 0.049906 
0.800676 0.199324 
0.801351 0.198649 
0.800021 0.199979 
0.799417 0.200583 
0.399224 0.600776 
0.399363 0.600637 
0.799258 0.200742 
0.399011 0.600989 
0.403024 0.596976 
0.403035 0.596965 
0.099978 0.900022 
0.099737 0.900262 
1.0 
1.0 
1.0 
0.099546 0.900454 
0.397278 0.602722 
0.798112 0.201888 
0.796654 0.203346 
0.396076 0.603924 
0.099259 0.900741 
0.099698 0.900302 
0.099639 0.900361 
1.0 
1.0 
0.09982 0.900181 
1.0 
0.099558 0.900442 
0.397403 0.602597 
1.0 
1.0 
1.0 
1.0 
1.0 
1.0 
0.799567 0.200433 
0.049914 0.950086 
0.049937 0.950063 
1.0 
1.0 
1.0 
1.0 
1.0 
1.0 
1.0 
1.0 
1.0 
1.0 
1.0 
1.0 
1.0 
1.0 
1.0 
1.0 
1.0 
1.0 
1.0 
1.0 
1.0 
1.0 
1.0 
1.0 
1.0 
1.0 
1.0 
1.0 
1.0 
1.0 
1.0 
1.0 
1.0 
1.0 
1.0 
1.0 
1.0 
1.0 
1.0 
1.0 
1.0 
1.0 
1.0 
1.0 
1.0 
1.0 
0.445052 0.554948 
0.79577 0.20423 
0.443742 0.556258 
0.793042 0.206958 
0.795012 0.204988 
0.442143 0.557857 
0.449228 0.550772 
0.799698 0.200302 
0.147876 0.852124 
0.146566 0.853434 
1.0 
1.0 
0.150003 0.849997 
1.0 
1.0 
0.154657 0.845343 
0.155573 0.844427 
1.0 
1.0 
1.0 
1.0 
1.0 
1.0 
1.0 
1.0 
1.0 
1.0 
0.147221 0.852779 
1.0 
0.149539 0.850461 
0.45472 0.54528 
0.15387 0.84613 
0.801509 0.198491 
1.0 
1.0 
1.0 
1.0 
1.0 
1.0 
1.0 
1.0 
1.0 
1.0 
1.0 
1.0 
1.0 
1.0 
1.0 
1.0 
1.0 
1.0 
0.949968 0.050032 
0.14454 0.85546 
0.193135 0.806865 
0.21743 0.78257 
0.169919 0.830081 
0.265051 0.734949 
0.208664 0.791336 
1.0 
1.0 
1.0 
1.0 
1.0 
1.0 
1.0 
1.0 
0.708362 0.291638 
1.0 
0.947558 0.052442 
0.61919 0.38081 
0.729174 0.270826 
0.742666 0.257334 
0.947647 0.052353 
1.0 
0.676547 0.323453 
0.881399 0.118601 
0.441896 0.558104 
0.40073 0.59927 
0.426404 0.573596 
0.038452 0.611548 0.35 
0.030629 0.619371 0.35 
0.080022 0.669978 0.25 
0.095504 0.654496 0.25 
0.067186 0.129782 0.803032 
0.039996 0.052698 0.907306 
0.081608 0.315665 0.602728 
0.039997 0.084468 0.875535 
1.0 
1.0 
1.0 
1.0 
1.0 
1.0 
1.0 
1.0 
1.0 
1.0 
1.0 
1.0 
0.046162 0.703838 0.25 
0.041736 0.708264 0.25 
0.019279 0.630721 0.35 
0.023891 0.626109 0.35 
0.221603 0.778397 
0.599801 0.400199 
0.599834 0.400166 
0.269697 0.730303 
0.904939 0.095061 
0.59987 0.40013 
0.904943 0.095057 
1.0 
1.0 
1.0 
0.904939 0.095061 
0.904941 0.095059 
0.599912 0.400088 
1.0 
0.368369 0.631631 
0.599894 0.400106 
0.90494 0.09506 
0.377919 0.622081 
0.37347 0.62653 
0.599883 0.400117 
0.599894 0.400106 
0.471862 0.528138 
0.441088 0.558912 
0.599909 0.400091 
0.904947 0.095053 
0.904945 0.095055 
0.373529 0.626471 
0.904942 0.095058 
1.0 
1.0 
0.012398 0.987602 
0.023401 0.976599 
0.386859 0.285748 0.327393 
0.039997 0.130033 0.82997 
0.039997 0.135055 0.824948 
0.180605 0.305246 0.514149 
1.0 
1.0 
1.0 
1.0 
1.0 
1.0 
1.0 
1.0 
1.0 
0.1 0.9 
0.1 0.9 
1.0 
1.0 
1.0 
1.0 
0.015403 0.984597 
1.0 
0.028059 0.971941 
0.039996 0.084863 0.87514 
0.023588 0.976412 
0.039996 0.117331 0.842672 
0.447755 0.341561 0.210683 
1.0 
1.0 
1.0 
1.0 
1.0 
1.0 
0.708362 0.291638 
1.0 
0.648558 0.351442 
0.66584 0.33416 
0.826605 0.173395 
0.822868 0.177132 
0.426431 0.573569 
0.392771 0.607229 
0.392732 0.607268 
0.048515 0.701485 0.25 
0.030629 0.619371 0.35 
1.0 
1.0 
1.0 
1.0 
1.0 
1.0 
1.0 
1.0 
0.1 0.9 
1.0 
1.0 
0.1 0.9 
1.0 
1.0 
1.0 
1.0 
1.0 
1.0 
1.0 
1.0 
1.0 
1.0 
1.0 
1.0 
1.0 
1.0 
1.0 
1.0 
1.0 
1.0 
1.0 
1.0 
1.0 
1.0 
1.0 
1.0 
1.0 
1.0 
1.0 
1.0 
1.0 
1.0 
1.0 
1.0 
1.0 
1.0 
1.0 
1.0 
1.0 
1.0 
1.0 
1.0 
1.0 
1.0 
1.0 
1.0 
1.0 
1.0 
1.0 
1.0 
1.0 
1.0 
1.0 
1.0 
1.0 
1.0 
1.0 
1.0 
1.0 
1.0 
1.0 
1.0 
1.0 
1.0 
1.0 
1.0 
1.0 
1.0 
1.0 
1.0 
1.0 
1.0 
1.0 
1.0 
1.0 
1.0 
1.0 
1.0 
1.0 
1.0 
1.0 
1.0 
1.0 
1.0 
1.0 
1.0 
1.0 
1.0 
1.0 
1.0 
1.0 
1.0 
1.0 
1.0 
1.0 
1.0 
1.0 
1.0 
1.0 
1.0 
1.0 
1.0 
1.0 
1.0 
1.0 
1.0 
1.0 
1.0 
1.0 
1.0 
1.0 
1.0 
1.0 
1.0 
1.0 
1.0 
1.0 
1.0 
1.0 
1.0 
1.0 
1.0 
1.0 
1.0 
1.0 
1.0 
1.0 
1.0 
1.0 
1.0 
1.0 
1.0 
1.0 
1.0 
1.0 
1.0 
1.0 
1.0 
1.0 
1.0 
1.0 
1.0 
1.0 
1.0 
1.0 
1.0 
1.0 
1.0 
1.0 
1.0 
1.0 
1.0 
1.0 
1.0 
1.0 
1.0 
1.0 
1.0 
1.0 
1.0 
1.0 
1.0 
1.0 
1.0 
1.0 
1.0 
1.0 
1.0 
1.0 
1.0 
1.0 
1.0 
1.0 
1.0 
1.0 
1.0 
1.0 
1.0 
1.0 
1.0 
1.0 
1.0 
1.0 
1.0 
1.0 
1.0 
1.0 
1.0 
1.0 
1.0 
1.0 
1.0 
1.0 
1.0 
1.0 
1.0 
1.0 
1.0 
1.0 
1.0 
1.0 
1.0 
1.0 
1.0 
1.0 
1.0 
1.0 
1.0 
1.0 
1.0 
1.0 
1.0 
1.0 
1.0 
1.0 
1.0 
1.0 
1.0 
1.0 
1.0 
1.0 
1.0 
1.0 
1.0 
1.0 
1.0 
1.0 
1.0 
1.0 
1.0 
1.0 
1.0 
1.0 
1.0 
1.0 
1.0 
1.0 
1.0 
1.0 
1.0 
1.0 
1.0 
1.0 
1.0 
1.0 
1.0 
1.0 
1.0 
1.0 
1.0 
1.0 
1.0 
1.0 
1.0 
1.0 
1.0 
1.0 
1.0 
1.0 
1.0 
1.0 
1.0 
1.0 
1.0 
1.0 
1.0 
1.0 
1.0 
1.0 
1.0 
1.0 
1.0 
1.0 
1.0 
1.0 
1.0 
1.0 
1.0 
1.0 
1.0 
1.0 
1.0 
1.0 
1.0 
1.0 
1.0 
1.0 
1.0 
1.0 
1.0 
1.0 
1.0 
1.0 
1.0 
1.0 
1.0 
1.0 
1.0 
1.0 
1.0 
1.0 
1.0 
1.0 
1.0 
1.0 
1.0 
1.0 
1.0 
1.0 
1.0 
0.424911 0.575089 
0.048515 0.701485 0.25 
0.046906 0.703094 0.25 
0.012254 0.637746 0.35 
0.65 0.35 
1.0 
1.0 
1.0 
1.0 
1.0 
1.0 
1.0 
1.0 
1.0 
1.0 
1.0 
1.0 
1.0 
1.0 
1.0 
1.0 
1.0 
1.0 
1.0 
1.0 
1.0 
1.0 
1.0 
1.0 
1.0 
1.0 
1.0 
1.0 
1.0 
1.0 
1.0 
1.0 
1.0 
1.0 
1.0 
1.0 
1.0 
1.0 
1.0 
1.0 
1.0 
1.0 
1.0 
1.0 
1.0 
1.0 
1.0 
1.0 
1.0 
1.0 
1.0 
1.0 
1.0 
1.0 
1.0 
1.0 
1.0 
1.0 
1.0 
1.0 
1.0 
1.0 
1.0 
1.0 
1.0 
1.0 
1.0 
1.0 
1.0 
1.0 
1.0 
1.0 
1.0 
1.0 
1.0 
1.0 
1.0 
1.0 
1.0 
1.0 
1.0 
1.0 
1.0 
1.0 
1.0 
1.0 
1.0 
1.0 
1.0 
1.0 
1.0 
1.0 
1.0 
1.0 
1.0 
1.0 
1.0 
1.0 
1.0 
1.0 
1.0 
1.0 
1.0 
1.0 
1.0 
1.0 
0.77904 0.22096 
1.0 
1.0 
0.932985 0.067015 
0.632019 0.367981 
0.590226 0.409774 
0.775172 0.224828 
0.673482 0.326518 
0.476464 0.523536 
0.290159 0.709841 
0.282703 0.717297 
0.376372 0.623628 
0.34706 0.65294 
0.324483 0.675517 
0.685646 0.314354 
0.538903 0.461097 
0.460948 0.539052 
0.405718 0.594282 
0.392104 0.607896 
0.277035 0.419396 0.303569 
0.099998 0.558751 0.341251 
0.358339 0.641661 
0.099994 0.88747 0.012536 
0.804458 0.195542 
0.869166 0.130834 
0.492692 0.357308 0.15 
0.64406 0.25594 0.1 
0.636269 0.263731 0.1 
0.486178 0.363822 0.15 
0.077432 0.279997 0.642571 
0.565638 0.284302 0.150061 
0.664433 0.235567 0.1 
0.66405 0.23595 0.1 
0.816552 0.183448 
0.890891 0.109109 
1.0 
0.1 0.9 
0.1 0.9 
0.353947 0.646053 
0.33 0.67 
0.1 0.854926 0.045074 
0.1 0.866749 0.033251 
0.291477 0.708523 
0.303978 0.696022 
0.804477 0.195523 
0.671277 0.328723 
0.1 0.533731 0.366269 
0.1 0.463656 0.436344 
0.51567 0.34433 0.14 
0.15151 0.456192 0.352298 0.04 
0.15151 0.456192 0.352298 0.04 
0.503325 0.356675 0.14 
0.04 0.30415 0.487974 0.167876 
0.04 0.30415 0.487974 0.167876 
0.04 0.30415 0.487974 0.167876 
0.04 0.30415 0.487974 0.167876 
0.15151 0.456192 0.352298 0.04 
0.15151 0.456192 0.352298 0.04 
0.1 0.56615 0.33385 
0.1 0.564234 0.335766 
1.0 
0.975882 0.024118 
0.879682 0.120318 
0.879682 0.120318 
0.707742 0.212258 0.08 
0.577848 0.322152 0.1 
0.859682 0.140318 
0.860603 0.139397 
0.351059 0.482045 0.166896 
0.731628 0.228372 0.04 
0.876587 0.123413 
0.36535 0.482067 0.152583 
1.0 
1.0 
1.0 
1.0 
0.941046 0.058954 
1.0 
0.884832 0.115168 
1.0 
1.0 
0.882139 0.117861 
1.0 
1.0 
0.876557 0.123443 
1.0 
1.0 
1.0 
1.0 
0.646374 0.353626 
0.685242 0.314758 
0.911608 0.088392 
0.881868 0.118132 
0.946238 0.053762 
0.950624 0.049376 
1.0 
1.0 
1.0 
1.0 
1.0 
1.0 
1.0 
0.962639 0.037361 
1.0 
1.0 
1.0 
1.0 
0.979002 0.020998 
1.0 
1.0 
1.0 
1.0 
0.274736 0.530378 0.194886 
0.208877 0.517401 0.273722 
0.298465 0.59565 0.105885 
0.386481 0.542903 0.070616 
0.348874 0.531053 0.120073 
0.50009 0.475727 0.024183 
0.805334 0.194666 
0.843185 0.156815 
0.881642 0.118358 
0.593334 0.406666 
0.467212 0.496146 0.036642 
0.276012 0.642443 0.081545 
0.139219 0.587931 0.272849 
0.239536 0.584382 0.176082 
0.426285 0.563127 0.010588 
0.228305 0.494367 0.277328 
0.073378 0.334607 0.592015 
0.132081 0.414471 0.453447 
0.148276 0.29771 0.554014 
0.377633 0.417599 0.204768 
0.926513 0.073487 
0.681763 0.318237 
1.0 
0.588134 0.411866 
0.782435 0.217565 
1.0 
0.381678 0.618322 
0.448667 0.551333 
0.370009 0.629991 
0.52002 0.47998 
0.1 0.481857 0.418143 
0.258204 0.741796 
0.04 0.30415 0.487974 0.167876 
0.15151 0.456192 0.352298 0.04 
0.04 0.30415 0.487974 0.167876 
0.50271 0.35729 0.14 
0.04 0.30415 0.487974 0.167876 
0.15151 0.456192 0.352298 0.04 
0.509023 0.350977 0.14 
0.254034 0.745966 
0.15151 0.456192 0.352298 0.04 
0.1 0.489426 0.410574 
0.895907 0.104093 
0.520643 0.339357 0.14 
0.087504 0.123996 0.788499 
0.052872 0.26 0.687128 
0.04 0.058119 0.901881 
0.04 0.046862 0.913138 
0.073219 0.154014 0.772768 
0.101517 0.149898 0.748585 
0.06719 0.129794 0.803016 
1.0 
0.85 0.15 
0.479423 0.1 0.420577 
0.8 0.1 0.1 
0.9 0.1 
0.8 0.2 
1.0 
0.595601 0.1 0.304399 
0.4422 0.192011 0.365789 
0.478715 0.521285 
0.472841 0.527159 
0.237269 0.762731 
0.340771 0.194573 0.464656 
0.217328 0.782672 
0.065853 0.934147 
0.424346 0.575654 
0.174768 0.825232 
0.085737 0.914262 
0.085737 0.914262 
0.085737 0.914262 
0.085737 0.914262 
0.051046 0.948954 
0.057975 0.942025 
0.382583 0.617417 
0.2597 0.7403 
0.085737 0.914262 
0.028787 0.971213 
0.9 0.1 
0.046674 0.953326 
0.9 0.1 
0.9 0.1 
0.045422 0.954578 
0.085737 0.914262 
0.026695 0.973305 
0.197426 0.349739 0.452835 
0.085737 0.914262 
0.392972 0.607028 
0.023965 0.976035 
0.9 0.1 
0.9 0.1 
0.9 0.1 
0.45 0.55 
0.45 0.55 
0.45 0.55 
0.029772 0.970228 
0.026783 0.973217 
0.063202 0.936798 
0.049712 0.950288 
0.130107 0.869893 
0.048065 0.951935 
0.01877 0.98123 
1.0 
1.0 
1.0 
1.0 
0.010985 0.989015 
0.95 0.05 
0.95 0.05 
0.95 0.05 
0.06864 0.93136 
0.27783 0.72217 
0.05 0.95 
0.306786 0.693214 
0.021081 0.97892 
0.0383 0.9617 
1.0 
1.0 
1.0 
0.307924 0.18605 0.506026 
0.080932 0.919068 
0.213525 0.786475 
0.358661 0.641339 
0.12565 0.87435 
0.509174 0.245552 0.245274 
1.0 
0.200922 0.799078 
0.359174 0.320594 0.320232 
0.011542 0.988458 
0.05 0.95 
0.249811 0.750189 
0.05 0.95 
0.05 0.95 
0.452259 0.547741 
1.0 
1.0 
1.0 
0.05 0.95 
0.05 0.95 
1.0 
1.0 
0.01551 0.98449 
0.089071 0.710478 0.200451 
0.456891 0.543109 
0.043248 0.956752 
0.05 0.95 
0.05 0.95 
0.05 0.95 
0.426901 0.15047 0.42263 
0.651445 0.348555 
0.05 0.95 
0.05 0.95 
0.9 0.1 
0.9 0.1 
0.9 0.1 
0.5 0.5 
0.5 0.5 
0.5 0.5 
0.149668 0.850332 
0.05 0.95 
0.9 0.1 
0.593578 0.406422 
0.767897 0.1 0.132103 
0.433965 0.566035 
0.777844 0.1 0.122156 
0.635515 0.364485 
0.784943 0.215057 
0.459703 0.540297 
0.050165 0.949835 
0.10838 0.89162 
0.05 0.95 
0.05 0.95 
0.05 0.95 
1.0 
1.0 
0.056049 0.642769 0.301182 
0.305366 0.694634 
0.40631 0.59369 
1.0 
1.0 
1.0 
0.95 0.05 
0.95 0.05 
0.95 0.05 
1.0 
1.0 
1.0 
0.7 0.3 
1.0 
1.0 
1.0 
0.1 0.9 
0.1 0.9 
1.0 
1.0 
0.1 0.9 
1.0 
1.0 
0.35 0.65 
0.35 0.65 
0.8 0.2 
0.8 0.2 
1.0 
0.1 0.9 
0.1 0.9 
0.822369 0.177631 
1.0 
0.734975 0.215025 0.05 
0.860868 0.139132 
1.0 
1.0 
1.0 
1.0 
0.75 0.25 
0.330533 0.619467 0.05 
0.642988 0.357012 
0.409172 0.340828 0.25 
0.15 0.321971 0.528029 
0.116965 0.463562 0.419472 
0.161933 0.639243 0.198824 
0.1 0.9 
0.1 0.9 
0.75 0.25 
0.35 0.65 
0.8 0.2 
0.8 0.2 
0.35 0.65 
0.35 0.65 
0.8 0.2 
0.35 0.65 
0.8 0.2 
0.95 0.05 
1.0 
1.0 
0.95 0.05 
0.8 0.2 
0.8 0.2 
0.35 0.65 
0.35 0.65 
0.1 0.9 
1.0 
1.0 
1.0 
1.0 
1.0 
0.669598 0.330402 
0.778033 0.221967 
1.0 
1.0 
0.694985 0.305015 
0.5 0.5 
0.25 0.75 
0.050109 0.799891 0.15 
0.197813 0.602187 0.2 
0.05 0.323266 0.626734 
0.651 0.349 
0.063449 0.886551 0.05 
0.05 0.252737 0.697263 
0.336123 0.663877 
0.852336 0.147664 
0.207945 0.792055 
0.229072 0.770928 
0.15 0.85 
0.15 0.85 
0.15 0.85 
0.217371 0.782629 
0.368061 0.631939 
0.120955 0.662581 0.216464 
0.467118 0.532882 
0.482075 0.517925 
0.11984 0.687089 0.193071 
0.15 0.85 
0.15 0.85 
0.15 0.85 
0.449463 0.550537 
0.258983 0.691017 0.05 
0.349925 0.600075 0.05 
0.25 0.75 
0.305015 0.694985 
0.085737 0.914262 
0.024786 0.975214 
0.9 0.1 
0.9 0.1 
0.45 0.55 
0.45 0.55 
0.1 0.9 
0.1 0.9 
0.1 0.9 
0.1 0.9 
0.1 0.9 
0.1 0.9 
0.45 0.55 
0.45 0.55 
0.1 0.9 
1.0 
1.0 
1.0 
1.0 
0.95 0.05 
0.95 0.05 
1.0 
0.95 0.05 
1.0 
0.95 0.05 
0.95 0.05 
1.0 
0.95 0.05 
1.0 
0.8 0.2 
0.8 0.2 
0.8 0.2 
0.8 0.2 
0.8 0.2 
0.3 0.7 
0.3 0.7 
0.3 0.7 
0.1 0.9 
0.45 0.55 
0.713643 0.286357 
0.701735 0.298264 
0.200678 0.799322 
0.252531 0.747469 
0.883794 0.116206 
1.0 
0.904354 0.095646 
1.0 
1.0 
1.0 
1.0 
1.0 
1.0 
1.0 
1.0 
0.95 0.05 
1.0 
1.0 
0.95 0.05 
1.0 
1.0 
1.0 
0.95 0.05 
0.95 0.05 
0.95 0.05 
1.0 
0.345303 0.654697 
0.15 0.85 
0.15 0.85 
0.040725 0.959275 
0.040725 0.959275 
0.95 0.05 
0.95 0.05 
0.040725 0.959275 
0.95 0.05 
0.95 0.05 
0.040725 0.959275 
0.040725 0.959275 
0.95 0.05 
0.95 0.05 
0.040725 0.959275 
0.040725 0.959275 
0.95 0.05 
0.8 0.2 
0.8 0.2 
0.8 0.2 
0.8 0.2 
0.8 0.2 
0.5 0.5 
0.5 0.5 
0.5 0.5 
0.5 0.5 
0.2 0.8 
0.2 0.8 
0.2 0.8 
0.2 0.8 
0.5 0.5 
0.2 0.8 
0.05 0.95 
0.05 0.95 
0.05 0.95 
0.8 0.2 
0.8 0.2 
0.5 0.5 
0.040725 0.959275 
0.95 0.05 
0.8 0.2 
0.5 0.5 
0.5 0.5 
0.2 0.8 
0.2 0.8 
0.05 0.95 
0.05 0.95 
0.2 0.8 
0.05 0.95 
0.9 0.1 
0.9 0.1 
0.9 0.1 
0.05 0.95 
0.05 0.95 
0.9 0.1 
0.5 0.5 
0.5 0.5 
0.15 0.85 
0.15 0.85 
0.15 0.85 
0.5 0.5 
0.15 0.85 
0.5 0.5 
0.15 0.85 
0.033171 0.966829 
0.033171 0.966829 
0.033171 0.966829 
0.033171 0.966829 
0.95 0.05 
0.033171 0.966829 
0.95 0.05 
0.95 0.05 
0.15 0.85 
0.5 0.5 
0.15 0.85 
0.15 0.85 
0.033171 0.966829 
0.033171 0.966829 
0.033171 0.966829 
0.95 0.05 
0.95 0.05 
1.0 
1.0 
1.0 
1.0 
0.95 0.05 
0.85 0.15 
0.85 0.15 
0.95 0.05 
0.85 0.15 
0.85 0.15 
0.95 0.05 
0.95 0.05 
0.85 0.15 
0.85 0.15 
0.95 0.05 
0.5 0.5 
0.5 0.5 
0.2 0.8 
0.2 0.8 
0.5 0.5 
0.2 0.8 
0.05 0.95 
0.05 0.95 
0.05 0.95 
0.5 0.5 
0.2 0.8 
0.5 0.5 
0.85 0.15 
0.5 0.5 
0.85 0.15 
0.5 0.5 
0.2 0.8 
0.2 0.8 
0.2 0.8 
0.5 0.5 
0.2 0.8 
0.95 0.05 
0.95 0.05 
0.95 0.05 
0.95 0.05 
0.95 0.05 
0.828525 0.171475 
0.828525 0.171475 
0.5 0.5 
0.5 0.5 
0.828525 0.171475 
0.5 0.5 
0.5 0.5 
0.828525 0.171475 
0.828525 0.171475 
0.5 0.5 
0.5 0.5 
0.828525 0.171475 
0.173644 0.826356 
0.173644 0.826356 
0.173644 0.826356 
0.173644 0.826356 
0.173644 0.826356 
0.05 0.95 
0.05 0.95 
0.05 0.95 
0.173644 0.826356 
0.5 0.5 
0.173644 0.826356 
0.828525 0.171475 
0.828525 0.171475 
0.5 0.5 
0.173644 0.826356 
0.05 0.95 
0.05 0.95 
0.05 0.95 
0.05 0.95 
0.05 0.95 
1.0 
1.0 
1.0 
1.0 
1.0 
1.0 
1.0 
1.0 
1.0 
1.0 
1.0 
1.0 
1.0 
1.0 
1.0 
1.0 
0.95 0.05 
0.95 0.05 
0.95 0.05 
0.95 0.05 
0.95 0.05 
0.8 0.2 
0.8 0.2 
0.8 0.2 
0.95 0.05 
0.95 0.05 
0.8 0.2 
0.95 0.05 
0.8 0.2 
0.8 0.2 
0.5 0.5 
0.5 0.5 
0.5 0.5 
0.8 0.2 
0.8 0.2 
0.3 0.7 
0.95 0.05 
0.8 0.2 
0.95 0.05 
0.8 0.2 
0.3 0.7 
0.3 0.7 
0.3 0.7 
0.1 0.9 
0.1 0.9 
1.0 
1.0 
1.0 
0.1 0.9 
1.0 
1.0 
1.0 
1.0 
1.0 
1.0 
1.0 
0.1 0.9 
1.0 
0.1 0.9 
1.0 
1.0 
0.3 0.7 
1.0 
0.1 0.9 
0.1 0.9 
1.0 
1.0 
0.1 0.9 
1.0 
1.0 
1.0 
1.0 
1.0 
1.0 
1.0 
1.0 
1.0 
1.0 
1.0 
1.0 
1.0 
1.0 
1.0 
1.0 
1.0 
0.5 0.5 
0.2 0.8 
0.2 0.8 
0.2 0.8 
0.5 0.5 
0.2 0.8 
0.5 0.5 
0.2 0.8 
0.5 0.5 
0.2 0.8 
0.5 0.5 
0.2 0.8 
0.05 0.95 
0.05 0.95 
1.0 
1.0 
0.05 0.95 
1.0 
1.0 
0.05 0.95 
1.0 
1.0 
1.0 
1.0 
1.0 
1.0 
1.0 
0.05 0.95 
1.0 
0.2 0.8 
0.05 0.95 
0.05 0.95 
1.0 
1.0 
0.8 0.2 
0.05 0.95 
1.0 
1.0 
1.0 
1.0 
1.0 
1.0 
1.0 
1.0 
1.0 
1.0 
1.0 
1.0 
1.0 
1.0 
1.0 
1.0 
1.0 
1.0 
1.0 
0.05 0.95 
1.0 
0.05 0.95 
1.0 
1.0 
1.0 
1.0 
1.0 
0.05 0.95 
1.0 
0.05 0.95 
1.0 
0.05 0.95 
1.0 
1.0 
0.95 0.05 
1.0 
0.95 0.05 
0.95 0.05 
1.0 
0.95 0.05 
1.0 
0.95 0.05 
1.0 
0.95 0.05 
1.0 
0.95 0.05 
0.8 0.2 
0.8 0.2 
0.45 0.55 
0.8 0.2 
0.45 0.55 
0.45 0.55 
1.0 
0.95 0.05 
0.95 0.05 
0.95 0.05 
0.95 0.05 
0.8 0.2 
0.8 0.2 
0.8 0.2 
0.8 0.2 
0.4 0.6 
0.8 0.2 
0.4 0.6 
0.4 0.6 
0.4 0.6 
0.4 0.6 
0.1 0.9 
0.1 0.9 
1.0 
1.0 
0.1 0.9 
1.0 
0.4 0.6 
0.8 0.2 
0.4 0.6 
0.8 0.2 
0.1 0.9 
0.1 0.9 
0.1 0.9 
1.0 
0.1 0.9 
1.0 
1.0 
0.1 0.9 
0.4 0.6 
1.0 
1.0 
1.0 
1.0 
1.0 
1.0 
0.8 0.2 
0.05 0.95 
0.05 0.95 
1.0 
1.0 
1.0 
1.0 
1.0 
1.0 
1.0 
1.0 
1.0 
1.0 
1.0 
1.0 
1.0 
1.0 
1.0 
1.0 
1.0 
1.0 
1.0 
1.0 
1.0 
1.0 
1.0 
1.0 
1.0 
1.0 
1.0 
1.0 
1.0 
1.0 
1.0 
1.0 
1.0 
1.0 
1.0 
1.0 
1.0 
1.0 
1.0 
1.0 
1.0 
1.0 
1.0 
1.0 
1.0 
1.0 
0.45 0.55 
0.8 0.2 
0.8 0.2 
0.45 0.55 
0.8 0.2 
0.45 0.55 
0.8 0.2 
0.45 0.55 
0.15 0.85 
0.15 0.85 
1.0 
1.0 
1.0 
0.15 0.85 
1.0 
0.15 0.85 
1.0 
0.15 0.85 
1.0 
1.0 
1.0 
1.0 
1.0 
1.0 
1.0 
1.0 
1.0 
0.15 0.85 
0.15 0.85 
1.0 
0.45 0.55 
0.15 0.85 
0.8 0.2 
1.0 
1.0 
1.0 
1.0 
1.0 
1.0 
1.0 
1.0 
1.0 
1.0 
1.0 
1.0 
1.0 
1.0 
1.0 
1.0 
1.0 
1.0 
0.95 0.05 
1.0 
1.0 
1.0 
1.0 
0.201648 0.798352 
0.242213 0.757787 
0.347096 0.652904 
0.290207 0.709793 
0.245224 0.754776 
0.144606 0.855394 
0.193149 0.806851 
0.324531 0.675469 
1.0 
1.0 
1.0 
1.0 
1.0 
1.0 
0.708362 0.291638 
0.719111 0.280889 
0.947603 0.052397 
1.0 
0.729108 0.270892 
1.0 
0.947701 0.052299 
0.742596 0.257404 
0.676481 0.323519 
0.881466 0.118534 
0.400763 0.599237 
0.391977 0.608023 
0.426431 0.573569 
0.04 0.052703 0.907297 
0.081614 0.315703 0.602683 
0.04 0.084476 0.875524 
1.0 
1.0 
1.0 
1.0 
1.0 
1.0 
1.0 
1.0 
1.0 
1.0 
1.0 
1.0 
0.048395 0.601605 0.35 
0.038452 0.611548 0.35 
0.095504 0.654496 0.25 
0.095504 0.654496 0.25 
0.046161 0.703839 0.25 
0.040228 0.709772 0.25 
0.01673 0.63327 0.35 
0.021601 0.628399 0.35 
0.22161 0.77839 
0.269725 0.730275 
0.6 0.4 
0.6 0.4 
0.905 0.095 
0.905 0.095 
0.6 0.4 
1.0 
1.0 
0.905 0.095 
1.0 
0.905 0.095 
0.6 0.4 
1.0 
0.368421 0.631579 
0.6 0.4 
0.905 0.095 
0.37796 0.62204 
0.6 0.4 
0.6 0.4 
0.373516 0.626484 
0.471924 0.528076 
0.6 0.4 
0.441144 0.558856 
0.905 0.095 
0.905 0.095 
0.373557 0.626443 
0.905 0.095 
1.0 
1.0 
0.012399 0.987601 
0.023403 0.976597 
0.386902 0.285768 0.32733 
0.180627 0.305263 0.514111 
0.04 0.135066 0.824934 
0.04 0.130041 0.829958 
1.0 
1.0 
1.0 
1.0 
1.0 
1.0 
1.0 
1.0 
1.0 
0.1 0.9 
1.0 
1.0 
1.0 
0.015405 0.984595 
1.0 
0.028061 0.971939 
0.04 0.08487 0.87513 
0.04 0.11734 0.84266 
0.023591 0.976409 
0.447806 0.341577 0.210617 
1.0 
1.0 
1.0 
1.0 
1.0 
1.0 
0.826604 0.173396 
0.665776 0.334224 
0.392771 0.607229 
0.019279 0.630721 0.35 
0.041736 0.708264 0.25 
0.1 0.9 
0.1 0.9 
1.0 
1.0 
1.0 
1.0 
1.0 
1.0 
1.0 
1.0 
1.0 
1.0 
1.0 
1.0 
1.0 
1.0 
1.0 
1.0 
1.0 
1.0 
1.0 
1.0 
1.0 
1.0 
1.0 
1.0 
1.0 
1.0 
1.0 
1.0 
1.0 
1.0 
1.0 
1.0 
1.0 
1.0 
1.0 
1.0 
1.0 
1.0 
1.0 
1.0 
1.0 
1.0 
1.0 
1.0 
1.0 
1.0 
1.0 
1.0 
1.0 
1.0 
1.0 
1.0 
1.0 
1.0 
1.0 
1.0 
1.0 
1.0 
1.0 
1.0 
1.0 
1.0 
1.0 
1.0 
1.0 
1.0 
1.0 
1.0 
1.0 
1.0 
1.0 
1.0 
1.0 
1.0 
1.0 
1.0 
1.0 
1.0 
1.0 
1.0 
1.0 
1.0 
1.0 
1.0 
1.0 
1.0 
1.0 
1.0 
1.0 
1.0 
1.0 
1.0 
1.0 
1.0 
1.0 
1.0 
1.0 
1.0 
1.0 
1.0 
1.0 
1.0 
1.0 
1.0 
1.0 
1.0 
1.0 
1.0 
1.0 
1.0 
1.0 
1.0 
1.0 
1.0 
1.0 
1.0 
1.0 
1.0 
1.0 
1.0 
1.0 
1.0 
1.0 
1.0 
1.0 
1.0 
1.0 
1.0 
1.0 
1.0 
1.0 
1.0 
1.0 
1.0 
1.0 
1.0 
1.0 
1.0 
1.0 
1.0 
1.0 
1.0 
1.0 
1.0 
1.0 
1.0 
1.0 
1.0 
1.0 
1.0 
1.0 
1.0 
1.0 
1.0 
1.0 
1.0 
1.0 
1.0 
1.0 
1.0 
1.0 
1.0 
1.0 
1.0 
1.0 
1.0 
1.0 
1.0 
1.0 
1.0 
1.0 
1.0 
1.0 
1.0 
1.0 
1.0 
1.0 
1.0 
1.0 
1.0 
1.0 
1.0 
1.0 
1.0 
1.0 
1.0 
1.0 
1.0 
1.0 
1.0 
1.0 
1.0 
1.0 
1.0 
1.0 
1.0 
1.0 
1.0 
1.0 
1.0 
1.0 
1.0 
1.0 
1.0 
1.0 
1.0 
1.0 
1.0 
1.0 
1.0 
1.0 
1.0 
1.0 
1.0 
1.0 
1.0 
1.0 
1.0 
1.0 
1.0 
1.0 
1.0 
1.0 
1.0 
1.0 
1.0 
1.0 
1.0 
1.0 
1.0 
1.0 
1.0 
1.0 
1.0 
1.0 
1.0 
1.0 
1.0 
1.0 
1.0 
1.0 
1.0 
1.0 
1.0 
1.0 
1.0 
1.0 
1.0 
1.0 
1.0 
1.0 
1.0 
1.0 
1.0 
1.0 
1.0 
1.0 
1.0 
1.0 
1.0 
1.0 
1.0 
1.0 
1.0 
1.0 
1.0 
1.0 
1.0 
1.0 
1.0 
1.0 
1.0 
1.0 
1.0 
1.0 
1.0 
1.0 
1.0 
1.0 
1.0 
0.374992 0.625008 
1.0 
1.0 
1.0 
1.0 
1.0 
1.0 
1.0 
1.0 
1.0 
1.0 
1.0 
1.0 
1.0 
1.0 
1.0 
1.0 
1.0 
1.0 
1.0 
1.0 
1.0 
1.0 
1.0 
1.0 
1.0 
1.0 
1.0 
1.0 
1.0 
1.0 
1.0 
1.0 
1.0 
1.0 
1.0 
1.0 
1.0 
1.0 
1.0 
1.0 
1.0 
1.0 
1.0 
1.0 
1.0 
1.0 
1.0 
1.0 
1.0 
1.0 
1.0 
1.0 
1.0 
1.0 
1.0 
1.0 
1.0 
1.0 
1.0 
1.0 
1.0 
1.0 
1.0 
1.0 
1.0 
1.0 
1.0 
1.0 
1.0 
1.0 
1.0 
1.0 
1.0 
1.0 
1.0 
1.0 
1.0 
1.0 
1.0 
1.0 
1.0 
1.0 
1.0 
1.0 
1.0 
1.0 
1.0 
1.0 
1.0 
1.0 
1.0 
1.0 
1.0 
1.0 
1.0 
1.0 
1.0 
1.0 
1.0 
1.0 
1.0 
1.0 
1.0 
0.779069 0.220931 
1.0 
0.933067 0.066933 
0.590254 0.409746 
0.632078 0.367922 
0.673542 0.326458 
0.775236 0.224764 
0.376619 0.623381 
0.217459 0.782541 
0.265106 0.734894 
0.282731 0.717269 
0.376448 0.623552 
0.685691 0.314309 
0.538945 0.461055 
0.405743 0.594257 
0.460971 0.539029 
0.392134 0.607866 
0.084822 0.372635 0.542543 
0.277061 0.419413 0.303527 
0.1 0.558756 0.341244 
0.35835 0.64165 
0.1 0.887473 0.012527 
0.077431 0.28 0.642569 
0.565702 0.284298 0.15 
0.664427 0.235573 0.1 
0.664039 0.235961 0.1 
1.0 
1.0 
0.324993 0.675007 
0.893926 0.106074 
1.0 
0.520407 0.239797 0.239797 
0.906831 0.093169 
0.807397 0.192603 
0.141893 0.858107 
0.790325 0.209675 
1.0 
0.550613 0.449387 
1.0 
1.0 
0.647565 0.352435 
0.083656 0.916344 
0.626891 0.373109 
0.612756 0.387244 
0.092826 0.907174 
0.595158 0.404842 
0.63361 0.36639 
0.095424 0.904576 
0.616048 0.383952 
0.715187 0.284813 
0.113094 0.886906 
0.697915 0.302085 
0.794835 0.205165 
0.139049 0.860951 
0.779149 0.220851 
0.895275 0.104725 
0.161517 0.838483 
0.881358 0.118642 
1.0 
0.240407 0.379797 0.379797 
1.0 
1.0 
0.33 0.67 
1.0 
1.0 
0.31 0.69 
1.0 
1.0 
0.301885 0.698115 
1.0 
1.0 
0.34 0.66 
1.0 
1.0 
0.36 0.64 
1.0 
1.0 
0.312248 0.687752 
1.0 
1.0 
0.419987 0.580013 
1.0 
0.33 0.67 
0.240407 0.379797 0.379797 
0.240407 0.379797 0.379797 
0.33 0.67 
0.31 0.69 
0.31 0.69 
0.161517 0.838483 
0.161829 0.838171 
0.277913 0.722087 
0.22294 0.77706 
0.34 0.66 
0.34 0.66 
0.36 0.64 
0.36 0.64 
0.131617 0.868383 
0.134951 0.865049 
0.0867 0.9133 
0.078532 0.921468 
0.081425 0.918575 
0.089582 0.910418 
0.089228 0.910772 
0.091659 0.908341 
0.134741 0.865259 
0.140337 0.859663 
0.106159 0.893841 
0.107237 0.892763 
0.29133 0.70867 
0.246621 0.753379 
0.400543 0.599457 
0.355524 0.644476 
0.323386 0.676614 
0.520407 0.239797 0.239797 
0.520407 0.239797 0.239797 
0.323386 0.676614 
0.53127 0.46873 
0.486805 0.513195 
0.2785 0.7215 
0.326308 0.673692 
0.326308 0.673692 
0.278491 0.721509 
0.036325 0.613675 0.35 
0.080022 0.669978 0.25 
0.046906 0.703094 0.25 
0.013084 0.636916 0.35 
0.380249 0.619751 
0.380249 0.619751 
0.369808 0.630192 
0.249164 0.750836 
0.236458 0.763542 
0.380242 0.619758 
0.249177 0.750823 
0.360058 0.639942 
0.360056 0.639944 
0.369804 0.630196 
0.678949 0.221051 0.1 
0.681661 0.218339 0.1 
0.179113 0.402536 0.418351 
0.107221 0.322573 0.570207 
0.588325 0.261675 0.15 
1.0 
1.0 
1.0 
1.0 
1.0 
1.0 
1.0 
1.0 
1.0 
1.0 
0.869195 0.130805 
0.276245 0.723755 
0.216885 0.783115 
0.169997 0.830003 
0.208784 0.791216 
0.201538 0.798462 
0.242119 0.757881 
0.216766 0.783234 
0.245144 0.754856 
0.276154 0.723846 
0.152591 0.847409 
0.131452 0.868548 
0.103575 0.896425 
0.137228 0.862772 
0.129991 0.870009 
0.111087 0.888913 
0.075356 0.924644 
0.145153 0.854847 
0.149507 0.850493 
0.128852 0.871148 
0.101534 0.898466 
0.134361 0.865639 
0.127337 0.872663 
0.108744 0.891256 
0.073933 0.926067 
0.142206 0.857794 
0.222224 0.777776 
0.259897 0.740103 
0.340367 0.659633 
0.335396 0.664604 
0.35598 0.64402 
0.35598 0.64402 
0.355974 0.644026 
0.335401 0.664599 
0.340364 0.659636 
0.259894 0.740106 
0.222231 0.777769 
0.19972 0.80028 
0.193376 0.806624 
0.1997 0.8003 
0.057168 0.692832 0.25 
0.062376 0.687624 0.25 
0.069481 0.680519 0.25 
0.101501 0.648499 0.25 
0.125688 0.624312 0.25 
0.125688 0.624312 0.25 
0.125688 0.624312 0.25 
0.101501 0.648499 0.25 
0.069481 0.680519 0.25 
0.062376 0.687624 0.25 
0.057171 0.692829 0.25 
0.058249 0.691751 0.25 
0.052346 0.697654 0.25 
0.058247 0.691753 0.25 
0.5 0.5 
0.5 0.5 
0.5 0.5 
0.5 0.5 
0.5 0.5 
0.5 0.5 
0.5 0.5 
0.5 0.5 
0.5 0.5 
0.5 0.5 
0.5 0.5 
0.5 0.5 
0.5 0.5 
0.5 0.5 
0.115257 0.3865 0.498243 
0.101517 0.149898 0.748585 
0.678946 0.221053 0.1 
0.305474 0.429254 0.265272 
0.107219 0.322564 0.570217 
0.305496 0.429265 0.26524 
0.073219 0.154014 0.772768 
0.588266 0.261705 0.150029 
0.681661 0.218339 0.1 
0.671254 0.328746 
0.975827 0.024173 
0.179091 0.4025 0.418409 
0.148263 0.297667 0.55407 
0.228277 0.494338 0.277385 
0.100717 0.315 0.584283 
0.141893 0.431212 0.426895 
0.532731 0.367269 0.1 
0.695429 0.254571 0.05 
0.749911 0.200089 0.05 
0.744569 0.205431 0.05 
0.633088 0.266912 0.1 
0.334565 0.468751 0.196684 
0.109603 0.341974 0.548423 
0.076369 0.172039 0.751591 
0.109044 0.167408 0.723548 
0.137231 0.423345 0.439424 
0.096675 0.308927 0.594398 
0.107705 0.164324 0.727971 
0.075814 0.168857 0.755329 
0.109203 0.338536 0.552262 
0.329512 0.46152 0.208968 
0.624836 0.265851 0.109312 
0.731708 0.20807 0.060222 
0.734794 0.204555 0.060651 
0.684693 0.254993 0.060314 
0.525171 0.36547 0.109359 
1.0 
1.0 
0.304977 0.695023 
0.604792 0.395208 
0.86615 0.13385 
1.0 
1.0 
1.0 
1.0 
1.0 
1.0 
1.0 
1.0 
1.0 
1.0 
1.0 
1.0 
1.0 
0.793064 0.206936 
0.431078 0.568922 
0.168552 0.831448 
0.07258 0.92742 
1.0 
1.0 
1.0 
0.105465 0.894535 
0.074796 0.925204 
1.0 
1.0 
1.0 
0.108896 0.891104 
0.308431 0.691569 
0.608028 0.391972 
0.868593 0.131407 
1.0 
1.0 
1.0 
1.0 
1.0 
1.0 
1.0 
1.0 
1.0 
1.0 
1.0 
1.0 
1.0 
0.796715 0.203285 
0.435302 0.564698 
0.171505 0.828495 
0.746999 0.253001 
0.275231 0.724769 
0.643457 0.356543 
0.809425 0.190575 
0.847688 0.076156 0.076156 
0.478982 0.521018 
0.294245 0.705755 
0.32249 0.67751 
0.709625 0.290375 
0.299946 0.700054 
0.737764 0.262236 
0.712447 0.287553 
0.70395 0.148025 0.148025 
0.413361 0.586639 
0.560042 0.439958 
0.742126 0.257874 
0.73491 0.26509 
0.734455 0.265545 
0.882523 0.117477 
0.449778 0.550222 
0.792387 0.207613 
0.904743 0.095257 
0.631346 0.368654 
0.453005 0.546995 
0.517304 0.482696 
0.863845 0.136155 
0.471865 0.528135 
0.913874 0.086126 
0.882439 0.117561 
0.9 0.05 0.05 
0.607484 0.392516 
0.740219 0.259781 
0.902597 0.097403 
0.90345 0.09655 
0.894414 0.105586 
0.934576 0.032712 0.032712 
0.18119 0.81881 
0.171551 0.828449 
0.313068 0.686932 
0.692846 0.307154 
0.525814 0.474186 
0.54 0.46 
0.517783 0.482217 
0.357176 0.642824 
0.235592 0.764408 
0.478582 0.263772 0.257646 
0.493887 0.506113 
0.153798 0.846202 
0.590231 0.409769 
0.697395 0.151303 0.151303 
0.502731 0.497269 
0.54 0.46 
0.174452 0.825548 
0.499491 0.500509 
