0.0 0.0 0.0
1.79075371282e-15 0.336350445898 -2.80276470643e-08
1.79075371282e-15 0.336350445898 -2.80276470643e-08
2.51322634671e-13 0.273173775915 -5.38277538098e-08
2.51322634671e-13 0.273173775915 -5.38277538098e-08
2.51322634671e-13 0.273173775915 -5.38277538098e-08
-7.99711983113e-13 0.313249712747 1.93276861182e-08
-7.99711983113e-13 0.313249712747 1.93276861182e-08
-7.99711983113e-13 0.313249712747 1.93276861182e-08
4.22232053817e-13 0.256557405248 2.48818046722e-08
4.91968002794e-08 0.316908598213 1.55237964011e-08
-4.70134284974e-08 0.316908598213 5.6216068467e-09
4.71115035742e-09 0.250921295471 3.3560857704e-08
-3.38524652754e-08 0.289001512038 2.24300800017e-08
5.32833231981e-08 0.289001561312 3.52326313818e-08
8.0541450189e-13 0.400404857618 -3.40989451258e-08
6.20359830172e-09 0.339529358583 -1.61972781264e-08
1.14740540402e-08 0.339529358583 -1.74772877871e-08
6.28881599624e-10 0.142937844161 4.33044600179e-08
-4.22460320615e-08 0.342675703992 -1.61862003356e-07
-8.2799085338e-08 0.342675705122 -1.57017989721e-08
0.0 0.0731868445873 0.0
-3.58462765582e-08 0.24480111769 -6.06939283554e-09
4.86293100233e-08 0.24480111769 -6.07490060513e-09
0.0 0.0634904801846 0.0
1.76958442899e-08 0.264543110377 1.9541799734e-08
2.48069515485e-08 0.264543058983 -6.1890513936e-08
0.0 0.0683438628912 0.0
0.0 0.0683438628912 0.0
0.0 0.0666073709726 0.0
0.0 0.0666073709726 0.0
