0.984537828046 -6.26471333847e-08 -3.52099188259e-07 0.175173780024
0.965962976981 -9.25120243931e-08 -3.45457918977e-07 -0.258680636633
-3.94410792401e-07 0.977348869985 0.211634709535 -2.52047904103e-06
0.231466929682 0.0 0.0 0.972842788226
-0.330091617961 0.23089238132 -0.636161881193 0.658047393144
-0.330091609997 -0.230892380126 0.63616187931 0.65804740357
-0.0627895529626 -2.14211932295e-06 -1.34768626281e-07 0.99802676767
-0.127989057478 -0.255845524301 0.523275485051 0.802710782144
-0.127986807973 0.255841921377 -0.523276094608 0.802711942297
0.296882714227 0.0 0.0 0.95491394203
-0.246028722822 0.682132219257 -0.276915436478 0.630462643172
-0.246028738381 -0.682132208967 0.276915447056 0.630462630882
-0.208585203312 8.38307998326e-09 -3.93061717976e-08 0.97800419141
-0.42463622395 0.534598976945 -0.23125159756 0.693116633748
-0.424636309289 -0.534599020082 0.231251660726 0.693116622035
0.141623103106 -3.54023681675e-07 -5.0648925796e-08 0.989920664955
0.0392457921827 1.37481618211e-08 -5.39973506815e-10 0.99922958477
0.0392457903218 -1.3748162082e-08 5.39973491183e-10 0.999229584843
-0.0640203737464 2.33159228633e-07 -2.74401243466e-08 0.997948599246
0.0119858798476 2.20723515935e-08 -2.64575557589e-10 0.999928187317
0.011985994531 9.04408668348e-08 -6.83698672181e-08 0.99992819745
0.0 0.0 0.0 1.0
-1.25925683107e-07 0.763392146109 -0.645935271243 -1.48824021214e-07
1.28290392775e-07 0.763392146164 -0.645935271178 1.46823149891e-07
0.0 0.0 0.0 1.0
-1.24146660279e-07 0.754865408798 -0.655879563374 -1.49922399054e-07
1.27704461296e-07 0.754865472383 -0.655879570105 1.46977719908e-07
0.0 0.0 0.0 1.0
0.0 0.0 0.0 1.0
0.0 0.0 0.0 1.0
0.0 0.0 0.0 1.0
