0.000000 0.033333 0.066667 0.100000 0.133333 0.166667 0.200000 0.233333 0.266667 0.300000 0.333333 0.366667 0.400000 0.433333 0.466667 0.500000 0.533333 0.566667 0.600000 0.633333 0.666667 0.700000 0.733333 0.766667 0.800000 0.833333 0.866667 0.900000 0.933333 0.966667 1.000000 1.033333 
0.000000 0.033333 0.066667 0.100000 0.133333 0.166667 0.200000 0.233333 0.266667 0.300000 0.333333 0.366667 0.400000 0.433333 0.466667 0.500000 0.533333 0.566667 0.600000 0.633333 0.666667 0.700000 0.733333 0.766667 0.800000 0.833333 0.866667 0.900000 0.933333 0.966667 1.000000 1.033333 
0.000000 0.033333 0.066667 0.100000 0.133333 0.166667 0.200000 0.233333 0.266667 0.300000 0.333333 0.366667 0.400000 0.433333 0.466667 0.500000 0.533333 0.566667 0.600000 0.633333 0.666667 0.700000 0.733333 0.766667 0.800000 0.833333 0.866667 0.900000 0.933333 0.966667 1.000000 1.033333 
0.000000 0.033333 0.066667 0.100000 0.133333 0.166667 0.200000 0.233333 0.266667 0.300000 0.333333 0.366667 0.400000 0.433333 0.466667 0.500000 0.533333 0.566667 0.600000 0.633333 0.666667 0.700000 0.733333 0.766667 0.800000 0.833333 0.866667 0.900000 0.933333 0.966667 1.000000 1.033333 
0.000000 0.033333 0.066667 0.100000 0.133333 0.166667 0.200000 0.233333 0.266667 0.300000 0.333333 0.366667 0.400000 0.433333 0.466667 0.500000 0.533333 0.566667 0.600000 0.633333 0.666667 0.700000 0.733333 0.766667 0.800000 0.833333 0.866667 0.900000 0.933333 0.966667 1.000000 1.033333 
0.000000 0.033333 0.066667 0.100000 0.133333 0.166667 0.200000 0.233333 0.266667 0.300000 0.333333 0.366667 0.400000 0.433333 0.466667 0.500000 0.533333 0.566667 0.600000 0.633333 0.666667 0.700000 0.733333 0.766667 0.800000 0.833333 0.866667 0.900000 0.933333 0.966667 1.000000 1.033333 
0.000000 0.033333 0.066667 0.100000 0.133333 0.166667 0.200000 0.233333 0.266667 0.300000 0.333333 0.366667 0.400000 0.433333 0.466667 0.500000 0.533333 0.566667 0.600000 0.633333 0.666667 0.700000 0.733333 0.766667 0.800000 0.833333 0.866667 0.900000 0.933333 0.966667 1.000000 1.033333 
0.000000 0.033333 0.066667 0.100000 0.133333 0.166667 0.200000 0.233333 0.266667 0.300000 0.333333 0.366667 0.400000 0.433333 0.466667 0.500000 0.533333 0.566667 0.600000 0.633333 0.666667 0.700000 0.733333 0.766667 0.800000 0.833333 0.866667 0.900000 0.933333 0.966667 1.000000 1.033333 
0.000000 0.033333 0.066667 0.100000 0.133333 0.166667 0.200000 0.233333 0.266667 0.300000 0.333333 0.366667 0.400000 0.433333 0.466667 0.500000 0.533333 0.566667 0.600000 0.633333 0.666667 0.700000 0.733333 0.766667 0.800000 0.833333 0.866667 0.900000 0.933333 0.966667 1.000000 1.033333 
0.000000 0.033333 0.066667 0.100000 0.133333 0.166667 0.200000 0.233333 0.266667 0.300000 0.333333 0.366667 0.400000 0.433333 0.466667 0.500000 0.533333 0.566667 0.600000 0.633333 0.666667 0.700000 0.733333 0.766667 0.800000 0.833333 0.866667 0.900000 0.933333 0.966667 1.000000 1.033333 
0.000000 0.033333 0.066667 0.100000 0.133333 0.166667 0.200000 0.233333 0.266667 0.300000 0.333333 0.366667 0.400000 0.433333 0.466667 0.500000 0.533333 0.566667 0.600000 0.633333 0.666667 0.700000 0.733333 0.766667 0.800000 0.833333 0.866667 0.900000 0.933333 0.966667 1.000000 1.033333 
0.000000 0.033333 0.066667 0.100000 0.133333 0.166667 0.200000 0.233333 0.266667 0.300000 0.333333 0.366667 0.400000 0.433333 0.466667 0.500000 0.533333 0.566667 0.600000 0.633333 0.666667 0.700000 0.733333 0.766667 0.800000 0.833333 0.866667 0.900000 0.933333 0.966667 1.000000 1.033333 
0.000000 0.033333 0.066667 0.100000 0.133333 0.166667 0.200000 0.233333 0.266667 0.300000 0.333333 0.366667 0.400000 0.433333 0.466667 0.500000 0.533333 0.566667 0.600000 0.633333 0.666667 0.700000 0.733333 0.766667 0.800000 0.833333 0.866667 0.900000 0.933333 0.966667 1.000000 1.033333 
0.000000 0.033333 0.066667 0.100000 0.133333 0.166667 0.200000 0.233333 0.266667 0.300000 0.333333 0.366667 0.400000 0.433333 0.466667 0.500000 0.533333 0.566667 0.600000 0.633333 0.666667 0.700000 0.733333 0.766667 0.800000 0.833333 0.866667 0.900000 0.933333 0.966667 1.000000 1.033333 
0.000000 0.033333 0.066667 0.100000 0.133333 0.166667 0.200000 0.233333 0.266667 0.300000 0.333333 0.366667 0.400000 0.433333 0.466667 0.500000 0.533333 0.566667 0.600000 0.633333 0.666667 0.700000 0.733333 0.766667 0.800000 0.833333 0.866667 0.900000 0.933333 0.966667 1.000000 1.033333 
0.000000 0.033333 0.066667 0.100000 0.133333 0.166667 0.200000 0.233333 0.266667 0.300000 0.333333 0.366667 0.400000 0.433333 0.466667 0.500000 0.533333 0.566667 0.600000 0.633333 0.666667 0.700000 0.733333 0.766667 0.800000 0.833333 0.866667 0.900000 0.933333 0.966667 1.000000 1.033333 
0.000000 0.033333 0.066667 0.100000 0.133333 0.166667 0.200000 0.233333 0.266667 0.300000 0.333333 0.366667 0.400000 0.433333 0.466667 0.500000 0.533333 0.566667 0.600000 0.633333 0.666667 0.700000 0.733333 0.766667 0.800000 0.833333 0.866667 0.900000 0.933333 0.966667 1.000000 1.033333 
0.000000 0.033333 0.066667 0.100000 0.133333 0.166667 0.200000 0.233333 0.266667 0.300000 0.333333 0.366667 0.400000 0.433333 0.466667 0.500000 0.533333 0.566667 0.600000 0.633333 0.666667 0.700000 0.733333 0.766667 0.800000 0.833333 0.866667 0.900000 0.933333 0.966667 1.000000 1.033333 
0.000000 0.033333 0.066667 0.100000 0.133333 0.166667 0.200000 0.233333 0.266667 0.300000 0.333333 0.366667 0.400000 0.433333 0.466667 0.500000 0.533333 0.566667 0.600000 0.633333 0.666667 0.700000 0.733333 0.766667 0.800000 0.833333 0.866667 0.900000 0.933333 0.966667 1.000000 1.033333 
0.000000 0.033333 0.066667 0.100000 0.133333 0.166667 0.200000 0.233333 0.266667 0.300000 0.333333 0.366667 0.400000 0.433333 0.466667 0.500000 0.533333 0.566667 0.600000 0.633333 0.666667 0.700000 0.733333 0.766667 0.800000 0.833333 0.866667 0.900000 0.933333 0.966667 1.000000 1.033333 
0.000000 0.033333 0.066667 0.100000 0.133333 0.166667 0.200000 0.233333 0.266667 0.300000 0.333333 0.366667 0.400000 0.433333 0.466667 0.500000 0.533333 0.566667 0.600000 0.633333 0.666667 0.700000 0.733333 0.766667 0.800000 0.833333 0.866667 0.900000 0.933333 0.966667 1.000000 1.033333 
0.000000 0.033333 0.066667 0.100000 0.133333 0.166667 0.200000 0.233333 0.266667 0.300000 0.333333 0.366667 0.400000 0.433333 0.466667 0.500000 0.533333 0.566667 0.600000 0.633333 0.666667 0.700000 0.733333 0.766667 0.800000 0.833333 0.866667 0.900000 0.933333 0.966667 1.000000 1.033333 
0.000000 0.033333 0.066667 0.100000 0.133333 0.166667 0.200000 0.233333 0.266667 0.300000 0.333333 0.366667 0.400000 0.433333 0.466667 0.500000 0.533333 0.566667 0.600000 0.633333 0.666667 0.700000 0.733333 0.766667 0.800000 0.833333 0.866667 0.900000 0.933333 0.966667 1.000000 1.033333 
0.000000 0.033333 0.066667 0.100000 0.133333 0.166667 0.200000 0.233333 0.266667 0.300000 0.333333 0.366667 0.400000 0.433333 0.466667 0.500000 0.533333 0.566667 0.600000 0.633333 0.666667 0.700000 0.733333 0.766667 0.800000 0.833333 0.866667 0.900000 0.933333 0.966667 1.000000 1.033333 
0.000000 0.033333 0.066667 0.100000 0.133333 0.166667 0.200000 0.233333 0.266667 0.300000 0.333333 0.366667 0.400000 0.433333 0.466667 0.500000 0.533333 0.566667 0.600000 0.633333 0.666667 0.700000 0.733333 0.766667 0.800000 0.833333 0.866667 0.900000 0.933333 0.966667 1.000000 1.033333 
0.000000 0.033333 0.066667 0.100000 0.133333 0.166667 0.200000 0.233333 0.266667 0.300000 0.333333 0.366667 0.400000 0.433333 0.466667 0.500000 0.533333 0.566667 0.600000 0.633333 0.666667 0.700000 0.733333 0.766667 0.800000 0.833333 0.866667 0.900000 0.933333 0.966667 1.000000 1.033333 
0.000000 0.033333 0.066667 0.100000 0.133333 0.166667 0.200000 0.233333 0.266667 0.300000 0.333333 0.366667 0.400000 0.433333 0.466667 0.500000 0.533333 0.566667 0.600000 0.633333 0.666667 0.700000 0.733333 0.766667 0.800000 0.833333 0.866667 0.900000 0.933333 0.966667 1.000000 1.033333 
0.000000 0.033333 0.066667 0.100000 0.133333 0.166667 0.200000 0.233333 0.266667 0.300000 0.333333 0.366667 0.400000 0.433333 0.466667 0.500000 0.533333 0.566667 0.600000 0.633333 0.666667 0.700000 0.733333 0.766667 0.800000 0.833333 0.866667 0.900000 0.933333 0.966667 1.000000 1.033333 
0.000000 0.033333 0.066667 0.100000 0.133333 0.166667 0.200000 0.233333 0.266667 0.300000 0.333333 0.366667 0.400000 0.433333 0.466667 0.500000 0.533333 0.566667 0.600000 0.633333 0.666667 0.700000 0.733333 0.766667 0.800000 0.833333 0.866667 0.900000 0.933333 0.966667 1.000000 1.033333 
0.000000 0.033333 0.066667 0.100000 0.133333 0.166667 0.200000 0.233333 0.266667 0.300000 0.333333 0.366667 0.400000 0.433333 0.466667 0.500000 0.533333 0.566667 0.600000 0.633333 0.666667 0.700000 0.733333 0.766667 0.800000 0.833333 0.866667 0.900000 0.933333 0.966667 1.000000 1.033333 
0.000000 0.033333 0.066667 0.100000 0.133333 0.166667 0.200000 0.233333 0.266667 0.300000 0.333333 0.366667 0.400000 0.433333 0.466667 0.500000 0.533333 0.566667 0.600000 0.633333 0.666667 0.700000 0.733333 0.766667 0.800000 0.833333 0.866667 0.900000 0.933333 0.966667 1.000000 1.033333 
0.000000 0.033333 0.066667 0.100000 0.133333 0.166667 0.200000 0.233333 0.266667 0.300000 0.333333 0.366667 0.400000 0.433333 0.466667 0.500000 0.533333 0.566667 0.600000 0.633333 0.666667 0.700000 0.733333 0.766667 0.800000 0.833333 0.866667 0.900000 0.933333 0.966667 1.000000 1.033333 
0.000000 0.033333 0.066667 0.100000 0.133333 0.166667 0.200000 0.233333 0.266667 0.300000 0.333333 0.366667 0.400000 0.433333 0.466667 0.500000 0.533333 0.566667 0.600000 0.633333 0.666667 0.700000 0.733333 0.766667 0.800000 0.833333 0.866667 0.900000 0.933333 0.966667 1.000000 1.033333 
0.000000 0.033333 0.066667 0.100000 0.133333 0.166667 0.200000 0.233333 0.266667 0.300000 0.333333 0.366667 0.400000 0.433333 0.466667 0.500000 0.533333 0.566667 0.600000 0.633333 0.666667 0.700000 0.733333 0.766667 0.800000 0.833333 0.866667 0.900000 0.933333 0.966667 1.000000 1.033333 
0.000000 0.033333 0.066667 0.100000 0.133333 0.166667 0.200000 0.233333 0.266667 0.300000 0.333333 0.366667 0.400000 0.433333 0.466667 0.500000 0.533333 0.566667 0.600000 0.633333 0.666667 0.700000 0.733333 0.766667 0.800000 0.833333 0.866667 0.900000 0.933333 0.966667 1.000000 1.033333 
0.000000 0.033333 0.066667 0.100000 0.133333 0.166667 0.200000 0.233333 0.266667 0.300000 0.333333 0.366667 0.400000 0.433333 0.466667 0.500000 0.533333 0.566667 0.600000 0.633333 0.666667 0.700000 0.733333 0.766667 0.800000 0.833333 0.866667 0.900000 0.933333 0.966667 1.000000 1.033333 
0.000000 0.033333 0.066667 0.100000 0.133333 0.166667 0.200000 0.233333 0.266667 0.300000 0.333333 0.366667 0.400000 0.433333 0.466667 0.500000 0.533333 0.566667 0.600000 0.633333 0.666667 0.700000 0.733333 0.766667 0.800000 0.833333 0.866667 0.900000 0.933333 0.966667 1.000000 1.033333 
0.000000 0.033333 0.066667 0.100000 0.133333 0.166667 0.200000 0.233333 0.266667 0.300000 0.333333 0.366667 0.400000 0.433333 0.466667 0.500000 0.533333 0.566667 0.600000 0.633333 0.666667 0.700000 0.733333 0.766667 0.800000 0.833333 0.866667 0.900000 0.933333 0.966667 1.000000 1.033333 
0.000000 0.033333 0.066667 0.100000 0.133333 0.166667 0.200000 0.233333 0.266667 0.300000 0.333333 0.366667 0.400000 0.433333 0.466667 0.500000 0.533333 0.566667 0.600000 0.633333 0.666667 0.700000 0.733333 0.766667 0.800000 0.833333 0.866667 0.900000 0.933333 0.966667 1.000000 1.033333 
0.000000 0.033333 0.066667 0.100000 0.133333 0.166667 0.200000 0.233333 0.266667 0.300000 0.333333 0.366667 0.400000 0.433333 0.466667 0.500000 0.533333 0.566667 0.600000 0.633333 0.666667 0.700000 0.733333 0.766667 0.800000 0.833333 0.866667 0.900000 0.933333 0.966667 1.000000 1.033333 
0.000000 0.033333 0.066667 0.100000 0.133333 0.166667 0.200000 0.233333 0.266667 0.300000 0.333333 0.366667 0.400000 0.433333 0.466667 0.500000 0.533333 0.566667 0.600000 0.633333 0.666667 0.700000 0.733333 0.766667 0.800000 0.833333 0.866667 0.900000 0.933333 0.966667 1.000000 1.033333 
0.000000 0.033333 0.066667 0.100000 0.133333 0.166667 0.200000 0.233333 0.266667 0.300000 0.333333 0.366667 0.400000 0.433333 0.466667 0.500000 0.533333 0.566667 0.600000 0.633333 0.666667 0.700000 0.733333 0.766667 0.800000 0.833333 0.866667 0.900000 0.933333 0.966667 1.000000 1.033333 
0.000000 0.033333 0.066667 0.100000 0.133333 0.166667 0.200000 0.233333 0.266667 0.300000 0.333333 0.366667 0.400000 0.433333 0.466667 0.500000 0.533333 0.566667 0.600000 0.633333 0.666667 0.700000 0.733333 0.766667 0.800000 0.833333 0.866667 0.900000 0.933333 0.966667 1.000000 1.033333 
0.000000 0.033333 0.066667 0.100000 0.133333 0.166667 0.200000 0.233333 0.266667 0.300000 0.333333 0.366667 0.400000 0.433333 0.466667 0.500000 0.533333 0.566667 0.600000 0.633333 0.666667 0.700000 0.733333 0.766667 0.800000 0.833333 0.866667 0.900000 0.933333 0.966667 1.000000 1.033333 
0.000000 0.033333 0.066667 0.100000 0.133333 0.166667 0.200000 0.233333 0.266667 0.300000 0.333333 0.366667 0.400000 0.433333 0.466667 0.500000 0.533333 0.566667 0.600000 0.633333 0.666667 0.700000 0.733333 0.766667 0.800000 0.833333 0.866667 0.900000 0.933333 0.966667 1.000000 1.033333 
0.000000 0.033333 0.066667 0.100000 0.133333 0.166667 0.200000 0.233333 0.266667 0.300000 0.333333 0.366667 0.400000 0.433333 0.466667 0.500000 0.533333 0.566667 0.600000 0.633333 0.666667 0.700000 0.733333 0.766667 0.800000 0.833333 0.866667 0.900000 0.933333 0.966667 1.000000 1.033333 
0.000000 0.033333 0.066667 0.100000 0.133333 0.166667 0.200000 0.233333 0.266667 0.300000 0.333333 0.366667 0.400000 0.433333 0.466667 0.500000 0.533333 0.566667 0.600000 0.633333 0.666667 0.700000 0.733333 0.766667 0.800000 0.833333 0.866667 0.900000 0.933333 0.966667 1.000000 1.033333 
0.000000 0.033333 0.066667 0.100000 0.133333 0.166667 0.200000 0.233333 0.266667 0.300000 0.333333 0.366667 0.400000 0.433333 0.466667 0.500000 0.533333 0.566667 0.600000 0.633333 0.666667 0.700000 0.733333 0.766667 0.800000 0.833333 0.866667 0.900000 0.933333 0.966667 1.000000 1.033333 
0.000000 0.033333 0.066667 0.100000 0.133333 0.166667 0.200000 0.233333 0.266667 0.300000 0.333333 0.366667 0.400000 0.433333 0.466667 0.500000 0.533333 0.566667 0.600000 0.633333 0.666667 0.700000 0.733333 0.766667 0.800000 0.833333 0.866667 0.900000 0.933333 0.966667 1.000000 1.033333 
0.000000 0.033333 0.066667 0.100000 0.133333 0.166667 0.200000 0.233333 0.266667 0.300000 0.333333 0.366667 0.400000 0.433333 0.466667 0.500000 0.533333 0.566667 0.600000 0.633333 0.666667 0.700000 0.733333 0.766667 0.800000 0.833333 0.866667 0.900000 0.933333 0.966667 1.000000 1.033333 
0.000000 0.033333 0.066667 0.100000 0.133333 0.166667 0.200000 0.233333 0.266667 0.300000 0.333333 0.366667 0.400000 0.433333 0.466667 0.500000 0.533333 0.566667 0.600000 0.633333 0.666667 0.700000 0.733333 0.766667 0.800000 0.833333 0.866667 0.900000 0.933333 0.966667 1.000000 1.033333 
0.000000 0.033333 0.066667 0.100000 0.133333 0.166667 0.200000 0.233333 0.266667 0.300000 0.333333 0.366667 0.400000 0.433333 0.466667 0.500000 0.533333 0.566667 0.600000 0.633333 0.666667 0.700000 0.733333 0.766667 0.800000 0.833333 0.866667 0.900000 0.933333 0.966667 1.000000 1.033333 
