0.99455 0
0.993429 0
0.993675 0
0.995496 0
0.996062 0
0.992904 0
0.992783 0
0.990703 0
0.998272 0
0.998746 0
0.991021 0
0.997795 0
0.996713 0
0.996689 0
0.999282 0
0.999497 0
0.99588 0
0.999525 0
0.999177 0
0.996028 0
0.998601 0
0.999104 0
0.999432 0
0.999455 0
0.593991 0.17117
0.595809 0.17246
0.596011 0.17104
0.593526 0.168975
0.583843 0.172506
0.591185 0.170874
0.590432 0.168577
0.582989 0.169723
0.595857 0.169535
0.592938 0.166237
0.588853 0.165687
0.582824 0.167641
0.5954 0.167707
0.592606 0.163263
0.588782 0.162443
0.594004 0.165264
0.590901 0.1609
0.58702 0.160503
0.582211 0.161903
0.583368 0.163709
0.5926 0.163626
0.589882 0.159766
0.58636 0.159573
0.581715 0.160749
0.591324 0.162048
0.589308 0.158118
0.585631 0.15853
0.581178 0.161657
0.589102 0.157992
0.587497 0.158989
0.588315 0.161787
0.586038 0.163637
0.58842 0.158967
0.585137 0.159712
0.599858 0.187166
0.598187 0.184732
0.597483 0.18927
0.599075 0.192036
0.599262 0.18145
0.597806 0.179777
0.597659 0.175544
0.596446 0.175048
0.60031 0.190298
0.59978 0.181633
0.599223 0.194441
0.597972 0.175082
0.600499 0.191109
0.599869 0.18126
0.599152 0.196839
0.597731 0.173623
0.599977 0.191981
0.599421 0.180605
0.596756 0.171798
0.598691 0.193476
0.598306 0.180092
0.595145 0.170229
0.596085 0.196579
0.596749 0.180474
0.593773 0.169357
0.588427 0.226131
0.588844 0.229444
0.590664 0.20926
0.591123 0.205543
0.593076 0.200912
0.590131 0.188805
0.592922 0.183012
0.58638 0.174372
0.59068 0.170545
0.588322 0.190488
0.592445 0.194797
0.595861 0.194749
0.595599 0.191711
0.592901 0.190121
0.591322 0.201575
0.597516 0.19706
0.590624 0.20826
0.596256 0.201506
0.574557 0.180123
0.578735 0.181205
0.584178 0.179392
0.583523 0.17597
0.581616 0.191615
0.583231 0.190732
0.575231 0.183651
0.572839 0.183081
0.575477 0.163582
0.574838 0.165356
0.58993 0.185521
0.589545 0.182119
0.584987 0.183306
0.588626 0.187135
0.589662 0.177712
0.589813 0.174117
0.593943 0.177791
0.593257 0.173739
0.58505 0.174627
0.585417 0.165122
0.584813 0.175534
0.594954 0.153951
0.590001 0.159071
0.580777 0.162709
0.573959 0.166698
0.57574 0.16804
0.587314 0.188147
0.579863 0.184202
0.562831 0.173937
0.567309 0.176262
0.552718 0.183727
0.583604 0.2427
0.581159 0.251774
0.595368 0.234237
0.580297 0.244319
0.576794 0.250445
0.577056 0.251219
0.578954 0.248028
0.594374 0.182411
0.593653 0.186693
0.592274 0.213951
0.589984 0.218954
0.58446 0.235204
0.58625 0.229746
0.581422 0.240709
0.57759 0.167775
0.583219 0.227615
0.587414 0.227504
0.592129 0.212159
0.586836 0.217025
0.583495 0.208336
0.578667 0.193598
0.56883 0.19856
0.575832 0.218865
0.573882 0.171241
0.573677 0.175558
0.598094 0.20162
0.595275 0.209307
0.58169 0.244515
0.567492 0.167195
0.56815 0.17074
0.566624 0.1814
0.574975 0.248795
0.578219 0.246166
0.570918 0.263125
0.575919 0.255459
0.573395 0.256482
0.569903 0.253381
0.755986 0.217989
0.764207 0.210346
0.788828 0.188263
0.760608 0.214653
0.754318 0.222438
0.85494 0.127797
0.749264 0.223735
0.754358 0.219096
0.913336 0.077149
1.0019 0
0.913327 0.075248
0.893272 0.094874
0.889929 0.097168
0.883647 0.103396
0.87978 0.106523
0.874089 0.111874
0.965134 0.013065
0.985671 0
0.971518 0
0.958232 0.02524
0.96006 0.020649
0.951574 0.036841
0.954411 0.031041
0.947628 0.043628
0.820089 0.179122
0.970199 0.009313
0.967192 0.01534
0.809547 0.189891
0.954995 0.011936
0.929202 0.042387
0.900842 0.08663
0.936434 0.05752
0.789985 0.201105
0.894124 0.089457
0.918726 0.070111
0.827037 0.166948
0.732174 0.264361
0.756225 0.239275
0.92918 0.035982
0.946052 0.01946
0.822331 0.171727
0.606955 0.390422
0.691478 0.307009
0.874491 0.122507
0.859046 0.140872
0.966129 0.017364
0.967261 0.015028
0.861937 0.137982
0.947316 0.05011
0.957634 0.029506
0.918978 0.079545
0.885043 0.113571
0.952037 0.038082
0.970839 0.006762
0.989302 0
0.983593 0
0.866339 0.130533
0.865633 0.132717
0.976671 0
0.977766 0
0.831465 0.167784
0.514635 0.485273
0.525288 0.474634
0.683404 0.316001
0.967819 0.013907
0.856272 0.143622
0.906669 0.091268
0.938449 0.058233
0.905643 0.081412
0.974446 0
0.83019 0.163606
0.966139 0.004802
0.517356 0.482486
0.813613 0.185291
0.967587 0.014416
0.850583 0.149257
0.902906 0.094368
0.938983 0.056236
0.883598 0.097125
0.965319 0
0.617959 0.360172
0.525849 0.458606
0.963441 0.002065
0.82376 0.174777
0.518868 0.480758
0.966368 0.016903
0.845036 0.154716
0.907676 0.088473
0.9442 0.046456
0.951799 0.006898
0.88993 0.086071
0.625364 0.349662
0.959367 0.000136
0.822465 0.175574
0.555377 0.443957
0.852149 0.146979
0.835483 0.163692
0.972272 0.00514
0.973742 0.002208
0.914815 0.063028
0.924046 0.056549
0.880149 0.109668
0.867363 0.120806
0.885387 0.089074
0.737102 0.235986
0.768376 0.201817
0.904075 0.069376
0.74532 0.225964
0.782159 0.196409
0.924727 0.024161
0.932246 0.011911
0.764546 0.230638
0.535975 0.461911
0.599352 0.39805
0.739029 0.255237
0.84433 0.154746
0.972385 0.004921
0.868671 0.117994
0.913869 0.06044
0.793414 0.187895
0.750599 0.22701
0.89772 0.078136
0.65095 0.326015
0.79942 0.186946
0.794762 0.18849
0.920958 0.033846
0.571907 0.425087
0.746059 0.24724
0.777553 0.208697
0.815772 0.176933
0.71347 0.276186
0.789838 0.204469
0.823329 0.176355
0.965962 0.017798
0.965672 0.018345
0.846724 0.153127
0.960335 0.022959
0.963146 0.013099
0.933201 0.06437
0.937135 0.060988
0.728171 0.269644
0.849325 0.147255
0.884926 0.112774
0.856514 0.14211
0.870385 0.128336
0.7063 0.292959
0.534777 0.464973
0.876287 0.122731
0.978378 0
0.974183 0
0.97383 0
0.832131 0.167488
0.967062 0.015536
0.906585 0.086359
0.894729 0.09666
0.932816 0.050965
0.940877 0.041376
0.942702 0.019968
0.861954 0.110455
0.626844 0.330954
0.663279 0.308578
0.953552 0.002934
0.822053 0.175329
0.6391 0.359769
0.908807 0.085936
0.91902 0.055563
0.805012 0.164861
0.822913 0.147518
0.92847 0.044987
0.619026 0.342906
0.948319 0.00084
0.941743 0.006654
0.798668 0.197196
0.823667 0.172826
0.629332 0.369167
0.57547 0.422704
0.828807 0.17068
0.829618 0.169718
0.969108 0.009144
0.96998 0.007067
0.954038 0.037654
0.925909 0.071246
0.966132 0.015418
0.970115 0.006536
0.964826 0.016686
0.966564 0.014883
1.0208 0
0.95138 0.044717
0.944512 0.05427
0.939639 0.059018
0.929341 0.069249
0.933937 0.064734
0.907992 0.090475
0.895651 0.10275
0.910253 0.088324
0.913864 0.084689
0.866204 0.132046
0.907125 0.091534
0.851926 0.145785
0.865579 0.131821
0.911234 0.087127
0.898096 0.099989
0.890114 0.108053
0.902354 0.095979
0.967926 0.009157
0.981731 0
0.968788 0.00811
0.97602 0
0.969321 0.007453
0.973155 0.000203
0.931376 0.062482
0.910167 0.083101
0.814094 0.175447
0.937737 0.056174
0.949613 0.048645
0.933189 0.065553
0.924349 0.074271
0.900153 0.097521
0.91745 0.080815
0.920806 0.077616
0.925165 0.070428
0.95424 0.036029
0.963705 0.018188
0.947962 0.048702
0.912854 0.083095
0.962388 0.021031
0.988098 0
0.98753 0
0.979563 0
0.97822 0
0.995148 0
0.974261 0
0.974256 0
0.961748 0.013167
0.95062 0.035923
0.959389 0.020805
0.970758 0
0.983687 0
0.946976 0.043448
0.951661 0.035486
0.927066 0.064813
0.891882 0.098579
0.917591 0.074421
0.932318 0.060136
0.928588 0.064108
0.93765 0.055418
0.887506 0.103624
0.917921 0.074706
0.932119 0.061133
0.822764 0.158066
0.827483 0.154645
0.851925 0.132279
0.845098 0.138009
0.861208 0.123625
0.858014 0.126395
0.84589 0.13693
0.855414 0.128461
0.814762 0.164627
0.863375 0.121389
0.865518 0.120135
0.85528 0.130255
0.866355 0.119049
0.873493 0.111564
0.872629 0.112717
0.884872 0.101544
0.901237 0.086008
0.920394 0.067438
0.869351 0.115836
0.874986 0.110776
0.720303 0.249531
0.725965 0.244475
0.69716 0.270033
0.692457 0.274778
0.731339 0.239608
0.73587 0.235598
0.757874 0.215723
0.744214 0.227858
0.747696 0.224326
0.774442 0.20076
0.749388 0.223398
0.743415 0.228689
0.740634 0.23172
0.727452 0.24436
0.942817 0.043846
0.566273 0.321089
0.545824 0.224218
0.644614 0.199928
0.586707 0.329821
0.699718 0.185633
0.471274 0.404031
0.538546 0.297278
0.729933 0.135893
0.705093 0.274735
0.855562 0.113705
0.880188 0.105237
0.702915 0.281927
0.74405 0.225282
0.788783 0.18008
0.840502 0.107689
0.82372 0.115252
0.652635 0.322509
0.665696 0.311855
0.887041 0.110012
0.675026 0.316102
0.7293 0.261089
0.944282 0.053909
0.974354 0.000175
0.975856 0
0.987237 0
0.986063 0
0.976289 0
0.986779 0
0.806106 0.179211
0.873531 0.094556
0.863546 0.099006
0.817595 0.157405
0.759049 0.215257
0.859514 0.076686
0.800086 0.106094
0.70032 0.260092
0.821526 0.115168
0.678913 0.28974
0.841209 0.123321
0.844867 0.112792
0.649135 0.32594
0.656181 0.318785
0.675065 0.302846
0.924518 0.074323
0.969647 0.009534
0.807476 0.189125
0.506786 0.486566
0.601691 0.38976
0.924769 0.073924
0.994444 0
0.996141 0
0.996842 0
0.868601 0.073288
0.761504 0.22052
0.782445 0.193838
0.854068 0.090753
0.596304 0.330703
0.576325 0.334335
0.639727 0.262177
0.67747 0.252049
0.720682 0.217935
0.599875 0.353182
0.550408 0.391221
0.747963 0.214546
0.692098 0.266603
0.593051 0.341424
0.629785 0.328985
0.718925 0.248283
0.874811 0.07215
0.779994 0.204877
0.76241 0.231989
0.944051 0.054568
0.950116 0.047305
0.741284 0.251875
0.808246 0.186925
0.932231 0.066045
0.85154 0.105729
0.845173 0.104604
0.801142 0.171782
0.811775 0.166669
0.571795 0.342437
0.668518 0.153059
0.761429 0.098274
0.735062 0.161776
0.666955 0.294861
0.647325 0.319027
0.661924 0.286439
0.643983 0.297984
0.923346 0.074696
0.963015 0.022487
0.75311 0.241243
0.751746 0.2413
0.920062 0.0553
0.881328 0.086654
0.836603 0.151142
0.874896 0.117398
0.543229 0.385901
0.689511 0.240063
0.874539 0.078482
0.726215 0.224533
0.764266 0.220061
0.681683 0.276205
0.651533 0.322519
0.743711 0.241736
0.926423 0.071962
0.797728 0.199526
0.963733 0.021005
0.937678 0.06058
0.979994 0
0.980755 0
0.995263 0
0.994539 0
0.766552 0.197633
0.771934 0.191729
0.820568 0.143956
0.833948 0.114959
0.541237 0.381098
0.721538 0.196584
0.65323 0.281476
0.656863 0.279682
0.489812 0.47259
0.534684 0.432788
0.718432 0.223134
0.660204 0.29413
0.682874 0.289362
0.870289 0.099752
0.791519 0.194002
0.508064 0.483633
0.886146 0.111798
0.802313 0.193566
0.65419 0.329895
0.813204 0.183684
0.9425 0.056554
0.98594 0
0.994288 0
0.989679 0
0.975213 0
0.993687 0
0.996908 0
0.759522 0.210428
0.849758 0.095316
0.88176 0.069841
0.754223 0.224898
0.809446 0.074782
0.844892 0.051424
0.775127 0.170556
0.578181 0.347909
0.677658 0.291703
0.701 0.274765
0.823182 0.136363
0.797128 0.155752
0.697104 0.295966
0.833788 0.163241
0.748212 0.236372
0.706463 0.275083
0.965789 0.017081
0.924148 0.074309
0.904705 0.093337
0.976587 0
0.994707 0
0.999256 0
0.998125 0
0.994592 0
0.851743 0.13411
0.906243 0.067774
0.928235 0.067768
0.952023 0.032582
0.737439 0.212388
0.837625 0.10261
0.648291 0.293393
0.498996 0.419021
0.792714 0.195186
0.843014 0.128017
0.663814 0.32148
0.818191 0.176473
0.880794 0.118157
0.694928 0.299259
0.92102 0.07812
0.971891 0.005541
0.993533 0
0.99843 0
0.802263 0.13246
0.618399 0.340103
0.674258 0.281904
0.831728 0.105176
0.618322 0.273915
0.738264 0.139773
0.601108 0.321725
0.667003 0.290908
0.857594 0.086016
0.725742 0.157194
0.672832 0.168934
0.715926 0.184203
0.886477 0.110855
0.853497 0.143219
0.526861 0.462987
0.663804 0.327714
0.780907 0.214274
0.924994 0.073425
0.983027 0
0.977888 0
0.974545 0
0.842155 0.087067
0.849325 0.091648
0.765459 0.184309
0.487227 0.486079
0.795622 0.156505
0.776501 0.21826
0.517094 0.469764
0.935868 0.062723
0.932151 0.066331
0.963271 0.02184
0.970173 0.008357
0.964296 0.019824
0.930715 0.067732
0.941293 0.003389
0.958725 0
0.906966 0.022359
0.87956 0.033719
0.680365 0.143761
0.709058 0.128511
0.664781 0.245847
0.781641 0.11036
0.842955 0.094938
0.528447 0.239595
0.796462 0.07344
0.906645 0.009089
0.670364 0.184937
0.67409 0.257652
0.672734 0.238589
0.59109 0.300433
0.628665 0.302859
0.976877 0
0.993949 0
0.9565 0.010255
0.68031 0.30981
0.804799 0.131854
0.835014 0.088943
0.554727 0.396683
0.656549 0.314347
0.902357 0.096226
0.743946 0.252446
0.718476 0.197319
0.755514 0.175228
0.896379 0.070633
0.584202 0.377721
0.723901 0.146425
0.922052 0.076772
0.837903 0.160046
0.979775 0
0.775641 0.151596
0.679426 0.291974
0.808717 0.09404
0.560251 0.387204
0.615008 0.335888
0.715931 0.274953
0.981482 0
0.672722 0.276715
0.866717 0.062577
0.52476 0.433141
0.637267 0.252315
0.471693 0.464979
0.990746 0
0.95208 0.039959
0.992714 0
0.896005 0.052033
0.925902 0.039052
0.943075 0
0.960303 0
0.684384 0.242828
0.66965 0.25075
0.656931 0.144105
0.68893 0.159081
0.478359 0.23789
0.394926 0.241179
0.271876 0.269386
0.640161 0.182782
0.443767 0.324632
0.32722 0.324238
0.958161 0.027384
0.963275 0.017625
0.888151 0.102509
0.878957 0.111774
0.985945 0
0.987917 0
0.629214 0.24084
0.443132 0.326011
0.423114 0.326596
0.594849 0.263661
0.789779 0.140326
0.714079 0.185748
0.837154 0.124322
0.93087 0.049467
0.711015 0.251541
0.834073 0.13853
0.757152 0.180828
0.784672 0.126346
0.575217 0.253577
0.680942 0.216048
0.684004 0.298281
0.499539 0.482979
0.780034 0.177423
0.845159 0.102738
0.947351 0.02181
0.909364 0.060568
0.850852 0.128832
0.890031 0.097847
0.533048 0.460285
0.654095 0.330274
0.839128 0.157427
0.894987 0.103254
0.984657 0
0.989481 0
0.796771 0.135393
0.639511 0.270002
0.747111 0.225698
0.736647 0.234501
0.924567 0.063704
0.934828 0.032913
0.792397 0.183586
0.748767 0.235605
0.516047 0.433541
0.620194 0.348777
0.728222 0.261754
0.800444 0.192533
0.957473 0.032048
0.933542 0.064087
0.993677 0
0.992555 0
0.813766 0.139646
0.503005 0.415644
0.765771 0.142099
0.916846 0.04689
0.782322 0.152708
0.47671 0.295245
0.399296 0.279339
0.560641 0.342214
0.499779 0.291714
0.764652 0.089669
0.59787 0.161705
0.490015 0.258763
0.435816 0.331137
0.68674 0.221648
0.936474 0.001221
0.888486 0.061563
0.654218 0.159082
0.958664 0
0.902629 0.054074
0.839786 0.097316
0.865093 0.095154
0.6914 0.189287
0.702819 0.146731
0.747135 0.118248
0.763789 0.099887
0.723156 0.110855
0.649853 0.171304
0.697284 0.242759
0.721753 0.170515
0.58458 0.276938
0.963728 0.017786
0.888534 0.104495
0.987324 0
0.46707 0.287467
0.57093 0.295245
0.6274 0.260746
0.712894 0.238867
0.803362 0.169645
0.780651 0.084709
0.690836 0.095282
0.401061 0.249704
0.646457 0.146502
0.382412 0.293983
0.322707 0.243284
0.966961 0.011677
0.995287 0
0.997378 0
0.979895 0
0.998702 0
0.999086 0
0.770031 0.208689
0.717715 0.243842
0.800476 0.133023
0.86498 0.102032
0.92318 0.014528
0.802472 0.084888
0.625312 0.314956
0.989781 0
0.764742 0.222569
0.83105 0.159015
0.944416 0.037068
0.954291 0.019852
0.941002 0.053337
0.581945 0.306711
0.583009 0.365911
0.823282 0.157283
0.965051 0.016499
0.916889 0.07964
0.995083 0
0.990191 0
0.955035 0.037482
0.940912 0.057885
0.997294 0
0.997627 0
0.996909 0
0.85282 0.089067
0.907141 0.083489
0.870409 0.083997
0.627876 0.27817
0.54601 0.255435
0.998014 0
0.98644 0
0.998053 0
0.317694 0.295293
0.669599 0.264318
0.65168 0.11091
0.29816 0.221654
0.990624 0
0.946491 0.049013
0.996785 0
0.660893 0.26083
0.642976 0.128385
0.326202 0.260477
0.311058 0.25457
0.982709 0
0.920976 0.072561
0.993428 0
0.715077 0.269176
0.747857 0.221581
0.754921 0.219856
0.753534 0.232414
0.836213 0.092156
0.817959 0.112297
0.840867 0.09765
0.85191 0.088472
0.818728 0.169559
0.819502 0.161996
0.881414 0.095058
0.854932 0.126452
0.887523 0.072087
0.885804 0.059198
0.937633 0
0.932171 0.014405
0.611465 0.331341
0.732962 0.176602
0.783768 0.165902
0.623723 0.336468
0.884939 0.050693
0.835514 0.06898
0.837438 0.051499
0.878454 0.003033
0.785615 0.186027
0.769807 0.200989
0.658784 0.320915
0.644122 0.332377
0.872484 0.073311
0.863801 0.032193
0.838797 0.066527
0.853263 0.086928
0.675448 0.306644
0.750937 0.217225
0.753521 0.21373
0.688151 0.2948
0.81006 0.104373
0.806663 0.115956
0.833892 0.091412
0.837207 0.091047
0.752293 0.217951
0.842272 0.094092
0.823992 0.084461
0.662972 0.318121
0.643276 0.170943
0.943187 0.001692
0.703999 0.239295
0.736909 0.211839
0.95034 0.037724
0.918989 0.079539
0.969811 0.006828
0.943314 0.050495
0.868127 0.117172
0.742843 0.229311
0.736785 0.234678
0.933676 0.011377
0.919563 0.013164
0.946775 0.009705
0.937004 0.01947
0.610479 0.310129
0.506462 0.453718
0.522144 0.406591
0.61769 0.251726
0.854655 0.116928
0.802492 0.18088
0.756113 0.20779
0.80038 0.146145
0.67231 0.303542
0.688737 0.301963
0.872773 0.123579
0.834504 0.161609
0.936585 0.050069
0.947482 0.028408
0.970221 0
0.947051 0.043697
0.962456 0.015865
0.978609 0
0.911826 0.07474
0.923698 0.063007
0.775917 0.220151
0.733397 0.262586
0.947818 0.049952
0.945999 0.05233
0.982766 0
0.977969 0
0.650418 0.159808
0.603422 0.122776
0.603206 0.1171
0.643851 0.169526
0.308309 0.249425
0.312747 0.247185
0.48432 0.174467
0.478352 0.177607
0.686637 0.140544
0.701336 0.088897
0.694962 0.106831
0.677911 0.166716
0.445336 0.384511
0.520151 0.332723
0.640826 0.242589
0.592462 0.255189
0.962676 0.024608
0.897037 0.102938
0.944568 0.055412
0.984623 0
0.835123 0.164845
0.740681 0.259284
0.667473 0.331808
0.841842 0.15776
0.825119 0.174294
0.659049 0.339849
0.962947 0.0236
0.954356 0.040646
0.998359 0
0.998678 0
0.552945 0.444273
0.618657 0.378541
0.658679 0.339871
0.711924 0.286681
0.575246 0.42235
0.692894 0.302435
0.742314 0.252344
0.831826 0.167466
0.963447 0
0.926535 0.042202
0.944999 0.020263
0.979747 0
0.449858 0.327867
0.486717 0.301137
0.499878 0.283328
0.444357 0.319204
0.732656 0.207214
0.560023 0.339171
0.487513 0.413815
0.672429 0.261728
0.912291 0.027578
0.946915 0.002585
0.661757 0.145523
0.638812 0.146715
0.857539 0.109901
0.900855 0.073838
0.805039 0.142605
0.993907 0
0.993359 0
0.925929 0.074015
0.833122 0.166809
0.666635 0.333273
0.872616 0.127155
0.972524 0.004592
0.99468 0
0.995492 0
0.958309 0.010927
0.977811 0
0.940997 0.039815
0.917259 0.063338
0.657165 0.23012
0.72903 0.156145
0.543879 0.293681
0.526547 0.232674
0.697397 0.150978
0.610075 0.108779
0.636227 0.180759
0.638985 0.175822
0.604403 0.112423
0.847808 0.142727
0.85558 0.134111
0.736512 0.26272
0.662221 0.337365
0.70628 0.292281
0.97698 0
0.993939 0
0.995345 0
0.981124 0
0.992383 0
0.990592 0
0.994327 0
0.996125 0
0.488475 0.354819
0.431867 0.383625
0.410275 0.385787
0.800005 0.198973
0.91366 0.08587
0.922183 0.077438
0.822625 0.176605
0.776799 0.16314
0.917745 0.050796
0.916178 0.051655
0.782421 0.164546
0.944468 0.053014
0.931291 0.06486
0.953043 0.041531
0.976854 0
0.980814 0
0.951085 0.046694
0.945927 0.051855
0.971283 0
0.973524 0
0.948781 0.048758
0.816074 0.18292
0.810378 0.188331
0.61967 0.379533
0.65348 0.345534
0.942253 0.056515
0.935515 0.063582
0.988512 0
0.986625 0
0.946492 0.050902
0.973994 0
0.970886 0
0.944693 0.052493
0.798139 0.069778
0.78327 0.092283
0.654748 0.177038
0.660183 0.337634
0.760108 0.238629
0.993072 0
0.998846 0
0.994279 0
0.997653 0
0.999421 0
0.986181 0
0.996744 0
0.998337 0
0.992382 0
0.984031 0
0.98595 0
0.986877 0
0.971608 0
0.930479 0.068778
0.953277 0.041673
0.901413 0.087276
0.691378 0.304749
0.708573 0.287723
0.909119 0.080756
0.995891 0
0.991047 0
0.973928 0
0.991699 0
0.987842 0
0.627412 0.157386
0.628483 0.155782
0.619675 0.225047
0.618199 0.225843
0.362012 0.262519
0.452053 0.197054
0.45053 0.357369
0.394568 0.373867
0.899027 0.098799
0.964143 0
0.973506 0
0.929095 0.06895
0.877188 0.08046
0.906178 0.066159
0.882404 0.100095
0.912936 0.042696
0.882141 0.058571
0.624183 0.264732
0.626708 0.262611
0.672842 0.187051
0.670876 0.189044
0.814451 0.175522
0.662745 0.331074
0.825353 0.102543
0.833179 0.072768
0.688729 0.307285
0.898584 0.088744
0.902224 0.084387
0.704766 0.291163
0.784219 0.213263
0.832545 0.165556
0.920983 0.047794
0.924123 0.04442
0.619601 0.10787
0.636817 0.18195
0.846499 0.06982
0.930687 0.025627
0.976024 0
0.979801 0
0.861382 0.137934
0.955065 0.039098
0.962453 0.02427
0.895577 0.091809
0.78107 0.213699
0.917684 0.076209
0.771592 0.22598
0.876993 0.120995
0.959476 0.017741
0.997671 0
0.81919 0.141908
0.928784 0.034251
0.889415 0.062741
0.961819 0
0.988023 0
0.993439 0
0.983234 0
0.965441 0.001069
0.606502 0.160523
0.928172 0.053274
0.811291 0.147995
0.769594 0.163873
0.89539 0.064063
0.815899 0.121824
0.771564 0.151644
0.646762 0.240495
0.707047 0.194148
0.640235 0.293393
0.586628 0.326477
0.512299 0.29879
0.516535 0.227468
0.526193 0.210882
0.532282 0.265676
0.950135 0.037128
0.97102 0.00133
0.910436 0.088028
0.878672 0.118386
0.925918 0.063641
0.825001 0.17074
0.874896 0.061737
0.932844 0.017366
0.925173 0.03169
0.884967 0.107417
0.712575 0.284169
0.494178 0.409534
0.551363 0.339906
0.313157 0.252746
0.326465 0.258291
0.324742 0.268014
0.993463 0
0.970716 0.007783
0.884529 0.114853
0.994339 0
0.937845 0.061905
0.96418 0.021417
0.997516 0
0.971617 0.006457
0.998596 0
0.997655 0
0.854808 0.144918
0.735163 0.264444
0.753162 0.246102
0.833503 0.165956
0.604908 0.394009
0.50121 0.498226
0.924226 0.075594
0.883966 0.115625
0.828368 0.171492
0.507248 0.492704
0.678572 0.321373
0.853703 0.146201
0.476928 0.190544
0.472093 0.201573
0.403157 0.203624
0.382187 0.213402
0.30581 0.271998
0.295721 0.290082
0.984166 0
0.946253 0.050907
0.976177 0
0.877911 0.120861
0.830011 0.12541
0.939741 0.033705
0.931183 0.039678
0.825655 0.119253
0.981424 0
0.948695 0.049328
0.802131 0.197432
0.54102 0.4588
0.654566 0.345155
0.717365 0.282106
0.92825 0.071443
0.937798 0.061885
0.986729 0
0.984507 0
0.942931 0.054507
0.969331 0
0.701241 0.297246
0.683675 0.315191
0.726854 0.271121
0.71558 0.282383
0.768843 0.177141
0.746843 0.187902
0.728985 0.198492
0.715872 0.208281
0.692768 0.245905
0.696626 0.252564
0.705784 0.253571
0.634696 0.364889
0.786952 0.212544
0.717924 0.281844
0.778489 0.221222
0.998487 0
0.793966 0.205658
0.668747 0.33105
0.989905 0
0.990918 0
0.992456 0
0.494496 0.173329
0.925716 0.068307
0.882328 0.103058
0.932904 0.031427
0.941679 0.021705
0.686731 0.312885
0.654701 0.344647
0.926762 0.072887
0.988267 0
0.9282 0.053907
0.89897 0.063164
0.855113 0.111801
0.88733 0.097876
0.980418 0
0.941806 0.056772
0.972722 0.003157
0.990329 0
0.984114 0
0.940632 0.058637
0.611775 0.38688
0.751163 0.247926
0.602688 0.395201
0.623525 0.374877
0.932065 0.024722
0.809228 0.119177
0.905626 0.045385
0.702334 0.202848
0.811953 0.098029
0.86961 0.088776
0.713808 0.219425
0.440767 0.332682
0.469818 0.261248
0.524099 0.250667
0.517732 0.287535
0.430131 0.351393
0.438338 0.304343
0.320697 0.249997
0.375832 0.249286
0.545881 0.192023
0.526279 0.181271
0.618439 0.169057
0.587989 0.177883
0.633271 0.173473
0.655781 0.169343
0.583965 0.182552
0.517816 0.197464
0.609405 0.205684
0.602795 0.205764
0.460702 0.267256
0.465825 0.26947
0.686897 0.305532
0.505765 0.481604
0.530976 0.464525
0.739436 0.257316
0.885739 0.099727
0.865365 0.113589
0.566551 0.202128
0.423756 0.253527
0.416697 0.293366
0.490595 0.279181
0.408437 0.327187
0.489392 0.211307
0.784215 0.112084
0.798276 0.105749
0.673969 0.245314
0.658383 0.252382
0.626186 0.203966
0.671417 0.177085
0.983986 0
0.992271 0
0.663701 0.332574
0.858991 0.132349
0.715933 0.251251
0.723847 0.249564
0.779323 0.199776
0.794472 0.179791
0.988792 0
0.794288 0.16802
0.468734 0.208679
0.472473 0.210187
0.410494 0.204923
0.409773 0.202357
0.802282 0.059851
0.854394 0.036222
0.502364 0.388841
0.554143 0.323254
0.471205 0.356771
0.508203 0.333087
0.482268 0.166598
0.68476 0.101115
0.591759 0.188659
0.366939 0.320582
0.735696 0.104542
0.477324 0.278536
0.508311 0.273803
0.447601 0.299453
0.422224 0.289852
0.70586 0.159331
0.647494 0.148675
0.76884 0.092241
0.780289 0.089995
0.655365 0.099514
0.683145 0.098849
0.682671 0.161695
0.657675 0.173305
0.620925 0.331615
0.698032 0.234956
0.743815 0.165199
0.71184 0.101821
0.609837 0.15562
0.48823 0.203082
0.526626 0.193405
0.460042 0.189044
0.42542 0.19174
0.718497 0.143613
0.593896 0.276109
0.563478 0.28485
0.319731 0.287927
0.407524 0.217627
0.318045 0.269765
0.341651 0.272362
0.643345 0.179277
0.634012 0.103587
0.76853 0.116219
0.776238 0.081198
0.818075 0.058524
0.695306 0.234593
0.768176 0.212359
0.732476 0.244434
0.739196 0.239796
0.75618 0.224645
0.747406 0.232933
0.707379 0.290812
0.731517 0.266548
0.661155 0.337152
0.573831 0.424589
0.630408 0.355538
0.797905 0.18875
0.770268 0.199204
0.626111 0.343252
0.683746 0.20173
0.716633 0.207233
0.77064 0.141067
0.719543 0.14768
0.632839 0.298099
0.613902 0.241936
0.308567 0.268493
0.507253 0.175777
0.491665 0.358961
0.439668 0.39782
0.64623 0.221289
0.585496 0.283158
0.671324 0.142776
0.605927 0.215558
0.31315 0.293258
0.350781 0.276588
0.547425 0.268898
0.641552 0.175873
0.494908 0.274412
0.398133 0.339461
0.353872 0.348452
0.587889 0.2057
0.449297 0.261905
0.65248 0.160664
0.512035 0.250044
0.71456 0.098369
0.756369 0.124912
0.745673 0.095896
0.606398 0.127296
0.61173 0.130066
0.495675 0.195836
0.484765 0.193078
0.473826 0.215695
0.63264 0.144296
0.639677 0.143836
0.367069 0.256101
0.38077 0.312072
0.324045 0.259338
0.468957 0.334705
0.585729 0.26822
0.558429 0.287276
0.538411 0.292758
0.545873 0.289489
0.630081 0.263595
0.457137 0.330002
0.619199 0.199992
0.886778 0.052884
0.878368 0.057012
0.61599 0.220954
0.624344 0.190072
0.474544 0.199153
0.525198 0.168809
0.510412 0.166903
0.444869 0.203608
0.557555 0.180313
0.563798 0.193556
0.553544 0.198512
0.539237 0.173758
0.59429 0.192222
0.600475 0.191962
0.596183 0.219067
0.592253 0.211431
0.578788 0.213383
0.575556 0.236716
0.568439 0.232886
0.573658 0.211495
0.581853 0.170731
0.582789 0.15927
0.591664 0.175705
0.586247 0.180796
0.810436 0.147962
0.917973 0.050144
0.923617 0.042716
0.837644 0.131673
0.567094 0.264766
0.556883 0.259714
0.551752 0.297038
0.520712 0.345459
0.507628 0.340387
0.537341 0.293646
0.657342 0.149836
0.580502 0.158432
0.596953 0.17039
0.55516 0.152583
0.548412 0.153472
0.587336 0.202125
0.588023 0.191253
0.546682 0.158208
0.550862 0.167453
0.519174 0.150287
0.506862 0.160106
0.396484 0.328174
0.469447 0.236199
0.477358 0.292236
0.434272 0.317642
0.289902 0.244986
0.29022 0.243703
0.294053 0.268493
0.293393 0.269157
0.705142 0.154116
0.727175 0.121167
0.720825 0.12051
0.700571 0.152741
0.501154 0.285261
0.534755 0.199707
0.559974 0.187912
0.507001 0.294662
0.670319 0.096944
0.662496 0.109219
0.694221 0.090374
0.703278 0.087066
0.615358 0.217124
0.64679 0.157308
0.369521 0.316432
0.356714 0.333724
0.344292 0.311603
0.354863 0.307053
0.504513 0.333488
0.509738 0.334029
0.816722 0.148245
0.811471 0.152366
0.832446 0.131249
0.836182 0.128698
0.789724 0.173597
0.781001 0.180899
0.792286 0.168675
0.728948 0.105823
0.666362 0.128909
0.67118 0.127302
0.732709 0.104793
0.840763 0.118879
0.821829 0.138834
0.804356 0.149347
0.827273 0.124575
0.560606 0.331575
0.467551 0.42071
0.528936 0.337402
0.586734 0.282808
0.850266 0.112637
0.853923 0.110053
0.491043 0.198985
0.51259 0.189541
0.476614 0.207414
0.459992 0.214609
0.585554 0.196665
0.528161 0.208326
0.525115 0.231492
0.577072 0.218425
0.447068 0.226294
0.431596 0.232034
0.65876 0.165409
0.64374 0.18369
0.736164 0.116624
0.758756 0.101423
0.785801 0.086785
0.762803 0.097923
0.588211 0.175147
0.671958 0.145604
0.672993 0.142184
0.581614 0.189846
0.514951 0.226501
0.525449 0.20241
0.555063 0.170172
0.557374 0.17123
0.516427 0.189111
0.511508 0.189448
0.557345 0.173442
0.518624 0.19038
0.493934 0.203795
0.489382 0.203135
0.51466 0.252854
0.562088 0.240017
0.627327 0.201553
0.494171 0.229689
0.480918 0.221834
0.479534 0.235239
0.488688 0.246728
0.578825 0.161743
0.660889 0.129118
0.565615 0.166545
0.531902 0.180827
0.589638 0.157662
0.593704 0.156185
0.698959 0.115722
0.618079 0.146644
0.646358 0.136201
0.717157 0.109648
0.834614 0.116377
0.848008 0.110898
0.855954 0.1019
0.841143 0.108938
0.66952 0.134986
0.664873 0.140548
0.613125 0.153106
0.614701 0.149925
0.420524 0.252381
0.405136 0.252173
0.364706 0.24109
0.445681 0.2115
0.438186 0.214944
0.361099 0.243037
0.50702 0.395531
0.511825 0.386393
0.556795 0.295066
0.560306 0.27156
0.488463 0.378779
0.448397 0.417076
0.589896 0.250525
0.533159 0.29771
0.525163 0.271328
0.582619 0.228644
0.864582 0.062202
0.866559 0.061611
0.884619 0.06244
0.880178 0.064437
0.867156 0.061747
0.885504 0.062429
0.55098 0.257264
0.613909 0.224979
0.561026 0.262909
0.500617 0.292325
0.618149 0.232165
0.670524 0.194235
0.645579 0.20688
0.701373 0.176185
0.581603 0.240714
0.786224 0.108446
0.843166 0.075087
0.841815 0.089622
0.779096 0.129979
0.742397 0.189365
0.706703 0.223456
0.73261 0.194468
0.794044 0.142345
0.567637 0.335966
0.478626 0.429883
0.528552 0.381051
0.593377 0.311151
0.589828 0.188071
0.553481 0.2146
0.520307 0.282647
0.538371 0.28965
0.629578 0.141537
0.586426 0.175881
0.60564 0.163288
0.654216 0.12541
0.515446 0.323482
0.529903 0.317554
0.340711 0.319795
0.311593 0.293381
0.324439 0.314612
0.347778 0.330873
0.309602 0.239395
0.331056 0.285307
0.336317 0.259309
0.311092 0.225902
0.514745 0.185941
0.501894 0.191313
0.344233 0.297702
0.328269 0.297447
0.312881 0.285443
0.335079 0.287535
0.654408 0.128173
0.676639 0.15464
0.68967 0.123764
0.710519 0.092734
0.719894 0.091831
0.558635 0.199247
0.624304 0.148712
0.536057 0.216672
0.670209 0.112966
0.677228 0.234488
0.568135 0.32316
0.692992 0.220886
0.777148 0.155336
0.692705 0.2377
0.778598 0.167179
0.635475 0.284857
0.534718 0.369885
0.601683 0.27799
0.640748 0.196072
0.648968 0.187558
0.610821 0.259546
0.469658 0.207806
0.443947 0.220772
0.499472 0.433324
0.509768 0.416052
0.483184 0.449801
0.489685 0.449501
0.663234 0.275117
0.611727 0.323407
0.646108 0.28694
0.68526 0.25039
0.649346 0.292574
0.594322 0.343872
0.62472 0.323004
0.565922 0.378173
0.446143 0.423567
0.441537 0.436692
0.460146 0.404509
0.449704 0.402789
0.464481 0.413917
0.457264 0.42818
0.451802 0.38941
0.451249 0.373372
0.519671 0.335008
0.495748 0.365787
0.429652 0.383806
0.416908 0.376219
0.922812 0.049175
0.909028 0.05743
0.921227 0.050658
0.93197 0.039514
0.897017 0.066402
0.874075 0.080627
0.669519 0.240721
0.669119 0.242179
0.454325 0.350137
0.447612 0.365719
0.397198 0.386446
0.406698 0.370281
0.505289 0.326349
0.515523 0.329847
0.56511 0.330912
0.642642 0.264841
0.459933 0.414568
0.491746 0.34394
0.489709 0.307703
0.490742 0.412456
0.494855 0.399944
0.521903 0.387888
0.517069 0.401401
0.584879 0.304581
0.552164 0.340167
0.531576 0.34867
0.570028 0.310455
0.632184 0.254268
0.618343 0.27264
0.591208 0.287865
0.588 0.280889
0.755964 0.145621
0.707666 0.179583
0.78115 0.13104
0.593385 0.359429
0.53728 0.412407
0.540927 0.40814
0.597894 0.354306
0.59156 0.361861
0.535862 0.414446
0.485959 0.459876
0.496047 0.444935
0.495835 0.444037
0.486142 0.458808
0.486309 0.460314
0.496361 0.445529
0.515372 0.413467
0.489197 0.425516
0.489472 0.42432
0.515706 0.413027
0.515274 0.413763
0.489432 0.426041
0.473781 0.408128
0.472423 0.406821
0.450579 0.440767
0.451754 0.441878
0.457534 0.441046
0.459126 0.441592
0.460247 0.441886
0.452324 0.442949
0.474518 0.409413
0.860159 0.064733
0.86913 0.07111
0.826214 0.071895
0.82374 0.072207
0.766038 0.09098
0.774926 0.088758
0.557961 0.169868
0.528973 0.181578
0.483766 0.199129
0.427565 0.219936
0.355276 0.246078
0.934522 0.041187
0.928726 0.046723
0.928325 0.044195
0.935669 0.03672
0.892731 0.079415
0.877684 0.090033
0.909237 0.063307
0.921961 0.055007
0.840119 0.118663
0.822734 0.128088
0.878221 0.085773
0.738294 0.195646
0.491414 0.405676
0.515231 0.382603
0.539531 0.344833
0.48505 0.391576
0.491885 0.21135
0.404109 0.255345
0.424176 0.287094
0.512147 0.242774
0.342417 0.318316
0.338658 0.325503
0.387378 0.32282
0.367481 0.334961
0.287488 0.27392
0.292445 0.281176
0.297774 0.293658
0.300286 0.300111
0.550061 0.302973
0.553061 0.293844
0.643392 0.21805
0.638809 0.218316
0.819315 0.126559
0.730421 0.196585
0.569668 0.344298
0.509668 0.380397
0.62713 0.288841
0.753886 0.171974
0.853649 0.097369
0.756621 0.169723
0.72937 0.189856
0.804506 0.130503
0.838531 0.107269
0.641782 0.231491
0.697431 0.197557
0.499284 0.310106
0.446361 0.333779
0.554194 0.282237
0.539934 0.20223
0.555276 0.230114
0.486429 0.36203
0.519323 0.286182
0.417669 0.393513
0.425084 0.33217
0.422146 0.319581
0.407016 0.357159
0.364799 0.360521
0.391851 0.320858
0.336308 0.316204
0.355317 0.336126
0.419979 0.301321
0.437948 0.292597
0.404747 0.293854
0.409923 0.301246
0.404417 0.263221
0.407599 0.232635
0.641577 0.314013
0.644592 0.310358
0.640491 0.315692
0.793238 0.171064
0.608059 0.342492
0.646894 0.306207
0.771319 0.17107
0.756203 0.180404
0.799609 0.140224
0.80078 0.141735
0.689196 0.252189
0.708599 0.230835
0.701357 0.246773
0.732626 0.225469
0.753231 0.204954
0.741274 0.217291
0.778414 0.176825
0.755648 0.199653
0.733865 0.210492
0.754727 0.205606
0.766244 0.192653
0.723471 0.235503
0.723352 0.236637
0.68812 0.269714
0.701375 0.256015
0.647037 0.26201
0.608969 0.30803
0.757363 0.162611
0.820448 0.116401
0.865623 0.095499
0.85775 0.10445
0.861184 0.102043
0.868577 0.093549
0.858747 0.088666
0.874655 0.079082
0.667409 0.28901
0.687692 0.267875
0.746467 0.209796
0.715865 0.237457
0.672417 0.129079
0.614489 0.147166
0.715057 0.118253
0.733316 0.115881
0.711886 0.128508
0.700899 0.129132
0.478008 0.211304
0.482331 0.214091
0.478047 0.223487
0.475092 0.214544
0.483915 0.203339
0.495039 0.208886
0.476368 0.216988
0.43744 0.270927
0.462495 0.265456
0.443654 0.289857
0.416542 0.293444
0.721736 0.236172
0.72831 0.22998
0.739989 0.217378
0.732039 0.224749
0.662445 0.288452
0.696421 0.257754
0.724668 0.232585
0.541534 0.206665
0.490842 0.298587
0.49347 0.325278
0.426008 0.315372
0.517785 0.462245
0.544731 0.424696
0.669211 0.145283
0.738149 0.105169
0.654997 0.14079
0.800186 0.094436
0.552815 0.355257
0.528035 0.409261
0.47542 0.445627
0.545882 0.399298
0.587491 0.397908
0.531701 0.438685
0.656011 0.316851
0.715831 0.269875
0.539159 0.314258
0.481751 0.416081
0.691781 0.234298
0.852681 0.105179
0.827197 0.112108
0.700418 0.209053
0.618841 0.16244
0.53104 0.256998
0.635557 0.177331
0.664379 0.110487
0.544147 0.28261
0.495094 0.326232
0.470729 0.413009
0.559611 0.295119
0.635961 0.167061
0.622686 0.169494
0.522008 0.238064
0.499255 0.283144
0.500778 0.331155
0.625466 0.219159
0.882462 0.050581
0.550207 0.30668
0.465328 0.347408
0.516775 0.236148
0.497239 0.279573
0.500558 0.332666
0.632483 0.2193
0.691685 0.153521
0.709182 0.121748
0.679869 0.104134
0.695498 0.094576
0.501254 0.199414
0.609183 0.137355
0.508973 0.169656
0.521483 0.244861
0.568971 0.20453
0.561981 0.219473
0.54974 0.2397
0.369452 0.299278
0.360421 0.300928
0.404206 0.366082
0.389581 0.381611
0.291487 0.25438
0.281436 0.271553
0.427372 0.344144
0.435592 0.324887
0.915518 0.077912
0.960483 0.002077
0.932437 0.060027
0.708627 0.289579
0.943264 0.053863
0.967937 0
0.702165 0.222436
0.567179 0.172856
0.570006 0.172749
0.563194 0.149574
0.612543 0.145292
0.468866 0.278511
0.426816 0.316486
0.402108 0.335905
0.5424 0.18205
0.528405 0.191541
0.607996 0.146589
0.461276 0.248038
0.36606 0.286083
0.51806 0.227558
0.508847 0.22041
0.506043 0.231283
0.56431 0.189147
0.58371 0.170317
0.527801 0.167862
0.521621 0.189206
0.605022 0.141042
0.612893 0.125506
0.558448 0.180398
0.556273 0.20012
0.567186 0.225131
0.388472 0.280384
0.422693 0.267941
0.398192 0.289934
0.378013 0.273739
0.990997 0
0.986292 0
0.990209 0
0.994117 0
0.982787 0
0.987918 0
0.566951 0.177945
0.564431 0.172921
0.571501 0.180445
0.579682 0.183854
0.57787 0.179061
0.574965 0.194742
0.577491 0.195806
0.581505 0.193019
0.580747 0.18863
0.5726 0.193928
0.569122 0.183607
0.571209 0.189175
0.574211 0.188573
0.576101 0.188667
0.573048 0.184659
0.512223 0.155032
0.724045 0.111661
0.393548 0.253088
0.415866 0.208164
0.31509 0.263504
0.308907 0.25012
0.4337 0.319938
0.473168 0.266967
0.314688 0.282872
0.386154 0.248226
0.340331 0.270971
0.345799 0.265975
0.503114 0.268415
0.393837 0.272571
0.461652 0.229452
0.514404 0.191563
0.546159 0.165189
0.564658 0.155517
0.573201 0.173607
0.575025 0.184891
0.573598 0.180759
0.575504 0.180793
0.576798 0.184731
0.577834 0.188391
0.579773 0.194226
0.583879 0.210004
0.585113 0.229153
0.58195 0.25169
0.650671 0.122461
0.332591 0.304565
0.311058 0.27919
0.292905 0.249953
0.28387 0.274706
0.280055 0.276757
0.293795 0.256467
0.403479 0.281819
0.514883 0.206399
0.595862 0.155211
0.46622 0.27153
0.999234 0
0.996849 0
0.982476 0
0.872815 0.127081
0.948807 0.051132
0.713438 0.286201
0.693632 0.306184
0.993191 0
0.97271 0.003931
0.960859 0.027532
0.991129 0
0.694095 0.171078
0.759281 0.153845
0.86004 0.08277
0.776823 0.111362
0.520116 0.22478
0.570124 0.184931
0.447509 0.288243
0.349733 0.314601
0.38144 0.325196
0.393641 0.298059
0.330404 0.293936
0.288884 0.259187
0.293374 0.292525
0.315715 0.270441
0.272653 0.252255
0.307572 0.270924
0.326613 0.259723
0.325394 0.284016
0.366749 0.275656
0.513169 0.225303
0.438967 0.290076
0.500129 0.188407
0.558609 0.153003
0.390827 0.384131
0.442807 0.28943
0.475806 0.254632
0.523584 0.208914
0.551502 0.177909
0.566925 0.156259
0.574316 0.161847
0.575791 0.17438
0.970984 0
0.490572 0.222902
0.442164 0.257054
0.42384 0.289156
0.538285 0.176958
0.522167 0.17031
0.37899 0.297046
0.349719 0.31532
0.372951 0.346177
0.380728 0.348938
0.401851 0.282857
0.401182 0.319813
0.353 0.320376
0.380532 0.332856
0.549576 0.331265
0.550023 0.331641
0.520723 0.376892
0.517448 0.379501
0.410185 0.222557
0.356825 0.336931
0.27946 0.265608
0.303597 0.257853
0.4622 0.194393
0.47267 0.184945
0.504027 0.179077
0.30209 0.249766
0.35275 0.309052
0.516922 0.236719
0.620402 0.144137
0.599443 0.241696
0.598449 0.163503
0.870681 0.058873
0.672068 0.294195
0.708042 0.260776
0.728308 0.242268
0.742428 0.229887
0.969691 0.010301
0.996529 0
0.996088 0
0.980395 0
0.898114 0.101766
0.604689 0.393285
0.626476 0.371885
0.751794 0.247087
0.87487 0.124401
0.933135 0.066549
0.93161 0.068222
0.84164 0.158177
0.912823 0.086923
0.682831 0.317039
0.478803 0.1876
0.47902 0.180828
0.432511 0.239216
0.496595 0.204346
0.385928 0.264349
0.375957 0.269786
0.977378 0
0.989986 0
0.995073 0
0.995693 0
0.969413 0
0.950273 0.002115
0.925855 0.02789
0.932464 0.015889
0.942864 0.000804
0.956139 0
0.968753 0
0.996269 0
0.997194 0
0.991783 0
0.997965 0
0.995571 0
0.997022 0
0.998317 0
0.998084 0
0.998744 0
0.971479 0.002462
0.898701 0.092659
0.988224 0
0.995696 0
0.974076 0.000722
0.909171 0.087998
0.82777 0.092448
0.892454 0.094376
0.898907 0.075147
0.930717 0.01903
0.947568 0.006793
0.917062 0.034972
0.622426 0.319896
0.988707 0
0.988784 0
0.924736 0.074751
0.923625 0.075964
0.630222 0.369085
0.669471 0.329444
0.659279 0.339792
0.660776 0.338661
0.674582 0.324249
0.956314 0.011724
0.886668 0.110372
0.927228 0.041932
0.955109 0.017759
0.848601 0.123105
0.575648 0.222415
0.509499 0.373241
0.564537 0.134669
0.487943 0.215691
0.35565 0.343116
0.451352 0.227109
0.501832 0.188507
0.994834 0
0.994102 0
0.996665 0
0.99694 0
0.997607 0
0.807139 0.148319
0.79287 0.159059
0.713555 0.221816
0.82141 0.107908
0.838699 0.098153
0.775235 0.139137
0.88053 0.080948
0.507442 0.351335
0.549962 0.299873
0.460357 0.410091
0.913335 0.05826
0.907933 0.060187
0.4608 0.400204
0.539204 0.346694
0.472973 0.37916
0.467573 0.345938
0.446747 0.358249
0.449842 0.325382
0.470641 0.292197
0.503582 0.25588
0.575279 0.211408
0.779599 0.097762
0.818166 0.073854
0.826429 0.072297
0.826481 0.072647
0.610009 0.295413
0.452507 0.428612
0.478232 0.372378
0.302021 0.280809
0.319355 0.280997
0.340678 0.321114
0.419099 0.294003
0.926453 0.052952
0.897884 0.076585
0.527869 0.39406
0.672892 0.22037
0.671504 0.173685
0.673614 0.194922
0.669395 0.157478
0.578197 0.161994
0.552406 0.189483
0.517631 0.224268
0.586456 0.172669
0.643002 0.12998
0.683564 0.105541
0.70683 0.102438
0.729076 0.101131
0.720539 0.101168
0.304975 0.242184
0.588291 0.201983
0.394006 0.250782
0.417143 0.236014
0.779353 0.087871
0.780242 0.087991
0.599258 0.164596
0.599506 0.15939
0.573035 0.178166
0.554767 0.209258
0.575521 0.27347
0.599623 0.226255
0.602901 0.234002
0.550221 0.320444
0.606881 0.189203
0.613488 0.182493
0.608578 0.23247
0.620053 0.17314
0.494104 0.278919
0.590512 0.191889
0.881568 0.075096
0.88332 0.074333
0.532063 0.180518
0.547267 0.173047
0.504266 0.192805
0.4916 0.199988
0.475403 0.209257
0.462199 0.218358
0.460901 0.224367
0.44481 0.237227
0.499115 0.19432
0.38799 0.238689
0.425831 0.226631
0.40234 0.239014
0.369718 0.247479
0.368809 0.267131
0.471477 0.212673
0.332785 0.257177
0.321825 0.262351
0.294062 0.263338
0.279126 0.27565
0.585004 0.164893
0.743015 0.09702
0.729052 0.107226
0.606839 0.148428
0.591106 0.155646
0.6723 0.123681
0.673403 0.123351
0.755224 0.09372
0.685436 0.140335
0.710938 0.133997
0.688981 0.149119
0.653761 0.149544
0.665734 0.153078
0.614673 0.158148
0.556888 0.179835
0.515743 0.198856
0.494586 0.212797
0.481747 0.227925
0.475837 0.239108
0.468681 0.25426
0.466073 0.281632
0.484435 0.29769
0.52662 0.285855
0.60016 0.233809
0.690026 0.141951
0.672947 0.161062
0.659124 0.169072
0.665943 0.156702
0.683467 0.27511
0.721202 0.239433
0.664126 0.292814
0.75898 0.202893
0.759357 0.203323
0.72157 0.236066
0.48226 0.439279
0.532234 0.367838
0.505852 0.380017
0.475173 0.395085
0.452921 0.40655
0.437396 0.400123
0.468657 0.220686
0.458029 0.234916
0.442057 0.250534
0.47537 0.24512
0.453164 0.252332
0.467581 0.233305
0.489972 0.22203
0.293133 0.267085
0.300793 0.28301
0.611143 0.244742
0.613048 0.246508
0.981426 0
0.954953 0
0.990911 0
0.61361 0.248623
0.857796 0
0.792058 0.00778
0.577217 0.235796
0.589609 0.243874
0.540261 0.206878
0.567806 0.213906
0.731593 0.015485
0.664488 0.014738
0.502488 0.223104
0.614438 0.030596
0.463477 0.253068
0.585657 0.046212
0.561487 0.055568
0.430905 0.273702
0.536542 0.064276
0.396799 0.303638
0.482713 0.066092
0.385131 0.334479
0.362518 0.343816
0.508626 0.069318
0.472898 0.06483
0.410141 0.323512
0.746778 0.012107
0.741428 0.019257
0.737658 0.026167
0.73768 0.035348
0.745488 0.047556
0.760704 0.05395
0.782545 0.054928
0.818442 0.049811
0.930011 0
0.997465 0
0.584932 0.189762
0.577507 0.184451
0.30316 0.298793
0.293509 0.280456
0.290666 0.270823
0.588894 0.192231
0.589445 0.193893
0.589568 0.197098
0.980121 0
0.976828 0
0.990211 0
0.993616 0
0.977959 0
0.99047 0
0.996164 0
0.997875 0
0.993797 0
0.998976 0
0.999361 0
0.998628 0
0.982348 0
0.99211 0
0.995622 0
0.997126 0
0.998777 0
0.99847 0
0.997491 0
0.997821 0
0.996951 0
0.99616 0
0.98986 0
0.999297 0
0.998809 0
0.992813 0
0.998149 0
0.998454 0
0.998303 0
0.995584 0
0.994309 0
0.992337 0
0.99385 0
0.964312 0.019982
0.991513 0
0.993709 0
0.990398 0
0.987389 0
0.969822 0.009016
0.977768 0
0.987955 0
0.982704 0
0.991149 0
0.996661 0
0.994156 0
0.995527 0
0.996301 0
0.99468 0
0.996382 0
0.997066 0
0.684857 0.197102
0.626941 0.20129
0.98076 0
0.956572 0.001017
0.891584 0.070466
0.868303 0.08457
0.935529 0.033267
0.881506 0.076214
0.603908 0.255135
0.620552 0.241127
0.63707 0.225354
0.652071 0.210553
0.664114 0.141828
0.664149 0.197126
0.66976 0.134469
0.546064 0.330926
0.548373 0.330932
0.506855 0.388633
0.489134 0.40402
0.614433 0.228506
0.62492 0.163199
0.530292 0.1731
0.553316 0.216015
0.574709 0.189967
0.761692 0.221087
0.775552 0.215932
0.50266 0.476979
0.778716 0.192785
0.822702 0.118473
0.798033 0.14627
0.782565 0.171856
0.749541 0.221512
0.971801 0.005017
0.978854 0
0.964787 0.018721
0.922072 0.076489
0.907478 0.090638
0.93881 0.060027
0.926905 0.071633
0.911727 0.086292
0.917347 0.080851
0.9054 0.092453
0.969359 0.009408
0.96543 0.017779
0.962834 0.02243
0.351726 0.35074
0.379393 0.373072
0.387823 0.377529
0.369464 0.365074
0.350532 0.322065
0.440067 0.274903
0.525452 0.229172
0.625996 0.17269
0.688152 0.127964
0.702185 0.07893
0.641309 0.143552
0.467229 0.270046
0.610876 0.205775
0.783397 0.089339
0.802248 0.103982
0.678643 0.243071
0.623992 0.167394
0.660711 0.169039
0.513873 0.272677
0.452692 0.301553
0.513002 0.189029
0.44749 0.189582
0.509971 0.145716
0.245953 0.244835
0.350291 0.222623
0.241718 0.239977
0.455558 0.251325
0.268551 0.217119
0.450766 0.172275
0.560738 0.123605
0.573139 0.187349
0.513284 0.293389
0.512121 0.334385
0.644263 0.219258
0.706331 0.155789
0.729736 0.121764
0.732348 0.101351
0.723431 0.091679
0.706524 0.086644
0.673887 0.092844
0.618028 0.119273
0.5317 0.158374
0.410365 0.215614
0.336885 0.227033
0.311278 0.216599
0.29066 0.24241
0.290948 0.241796
0.292794 0.268711
0.293768 0.26839
0.36549 0.240333
0.365971 0.240288
0.450805 0.209087
0.449687 0.209652
0.521942 0.182992
0.524987 0.181788
0.863864 0.022749
0.516295 0.415723
0.515653 0.416058
0.513457 0.420649
0.514416 0.420384
0.515288 0.420159
0.5169 0.41552
0.525715 0.387892
0.519333 0.402692
0.526722 0.390347
0.518615 0.406497
0.536944 0.367094
0.55726 0.338781
0.56056 0.339005
0.539208 0.368498
0.591208 0.301599
0.596732 0.299322
0.629975 0.265548
0.640593 0.258968
0.649315 0.243773
0.719697 0.184104
0.737844 0.173092
0.664943 0.233967
0.845636 0.094028
0.801876 0.123567
0.822111 0.111787
0.864214 0.083385
0.861137 0.085307
0.879014 0.07504
0.673058 0.132096
0.630732 0.124661
0.487173 0.305731
0.496296 0.300679
0.550455 0.261744
0.553025 0.256523
0.394685 0.322566
0.332292 0.288255
0.522084 0.207664
0.357079 0.342988
0.571249 0.140762
0.925481 0.073847
0.616852 0.381719
0.312957 0.295143
0.433442 0.211686
0.441126 0.200117
0.30432 0.292226
0.539696 0.203975
0.540808 0.294337
0.813094 0.125289
0.93582 0.040175
0.897558 0.055705
0.955155 0.007939
0.945543 0
0.884677 0.069771
0.772498 0.179038
0.688246 0.239456
0.829632 0.096795
0.774942 0.119515
0.759993 0.135662
0.80781 0.086258
0.907541 0.050075
0.788988 0.104378
0.804094 0.095358
0.690252 0.149971
0.712043 0.146992
0.844956 0.080304
0.857055 0.066377
0.877971 0.071986
0.920336 0.024871
0.767672 0.121616
0.763092 0.132352
0.724921 0.154646
0.78108 0.099101
0.61564 0.328748
0.699578 0.266307
0.715275 0.267703
0.680607 0.306973
0.512077 0.465352
0.617118 0.321502
0.716996 0.23747
0.506275 0.43614
0.465134 0.20756
0.415092 0.225832
0.348573 0.249512
0.445571 0.216769
0.402188 0.231924
0.34119 0.253133
0.380926 0.250635
0.349292 0.257003
0.307165 0.268993
0.355344 0.263868
0.324573 0.267873
0.287005 0.277582
0.287449 0.272709
0.282401 0.269139
0.288546 0.268089
0.375279 0.222949
0.411641 0.210945
0.394524 0.234059
0.481098 0.161049
0.510672 0.164252
0.358075 0.2235
0.820651 0.179084
0.895561 0.104079
0.657706 0.342101
0.472678 0.378521
0.473279 0.329033
0.516358 0.353347
0.537889 0.341588
0.564486 0.320572
0.592361 0.295755
0.612986 0.275841
0.67425 0.13204
0.635166 0.121918
0.577906 0.158826
0.57134 0.16261
0.549588 0.175026
0.565309 0.195866
0.531182 0.275555
0.507131 0.382504
0.445956 0.442426
0.458005 0.420115
0.452891 0.410013
0.472368 0.35902
0.506365 0.259638
0.298721 0.249633
0.360357 0.219344
0.378811 0.28488
0.797304 0.138774
0.567216 0.291938
0.622903 0.243571
0.662948 0.222597
0.679547 0.234892
0.700811 0.245102
0.796641 0.187758
0.735354 0.233289
0.89406 0.102971
0.861916 0.131488
0.887641 0.10945
0.874604 0.120315
0.830657 0.155101
0.792316 0.184169
0.730274 0.229139
0.631566 0.297843
0.784592 0.152509
0.469493 0.16414
0.47199 0.175936
0.492649 0.161576
0.492332 0.211269
0.465923 0.190758
0.440829 0.331291
0.56929 0.230333
0.489459 0.36994
0.402546 0.360683
0.576034 0.257464
0.471437 0.259896
0.782977 0.087676
0.883458 0.01028
0.438665 0.432505
0.551072 0.386035
0.857251 0.075552
0.658175 0.220217
0.646161 0.140265
0.6474 0.323689
0.80119 0.166095
0.89049 0.057559
0.713327 0.259988
0.72596 0.249611
0.772878 0.209805
0.839308 0.151138
0.89786 0.097871
0.961327 0.026008
0.808372 0.188587
0.819772 0.176557
0.75767 0.234057
0.727969 0.256756
0.714295 0.263627
0.712288 0.262198
0.463154 0.318498
0.453806 0.322242
0.454436 0.326506
0.470606 0.32429
0.503968 0.317058
0.540323 0.31503
0.564327 0.316601
0.574979 0.318083
0.577104 0.319077
0.569635 0.168693
0.579876 0.16574
0.588464 0.345758
0.646855 0.305447
0.735231 0.239489
0.787949 0.197641
0.828655 0.166958
0.841754 0.155427
0.742784 0.245345
0.422955 0.252632
0.458193 0.404982
0.381092 0.269948
0.526149 0.188819
0.529888 0.186752
0.49139 0.208156
0.490274 0.208712
0.520289 0.191936
0.491873 0.20762
0.451875 0.229497
0.461254 0.224255
0.449192 0.231005
0.555134 0.351363
0.528088 0.387967
0.601766 0.300172
0.65835 0.247709
0.765509 0.156127
0.694739 0.214239
0.551282 0.396091
0.490429 0.452548
0.494768 0.442583
0.513849 0.417209
0.51585 0.412442
0.515214 0.40977
0.490251 0.419683
0.454659 0.437507
0.446144 0.438924
0.467914 0.404787
0.602831 0.243956
0.907399 0
0.75088 0.007104
0.888361 0.069493
0.846485 0.09758
0.902327 0.061601
0.911152 0.042747
0.794208 0.113407
0.629219 0.366132
0.768635 0.226999
0.839853 0.155535
0.750059 0.246871
0.578566 0.328211
0.934552 0.024436
0.890911 0.096145
0.922863 0.058054
0.810229 0.180612
0.647484 0.344743
0.747015 0.245083
0.612014 0.380289
0.817704 0.173954
0.853774 0.137409
0.900898 0.089062
0.309477 0.256227
0.306269 0.266347
0.310098 0.266281
0.292279 0.243104
0.291059 0.243139
0.951234 0.011788
0.919871 0.071197
0.727797 0.268732
0.944218 0.052834
0.711381 0.286666
0.96842 0
0.495134 0.151712
0.302571 0.281819
0.311236 0.184508
0.292373 0.268154
0.427946 0.170261
0.514897 0.139449
0.560118 0.124092
0.579104 0.119603
0.490049 0.161134
0.310185 0.293296
0.326087 0.203196
0.304212 0.243287
0.292085 0.279802
0.425985 0.179787
0.517668 0.117374
0.569555 0.10553
0.536796 0.238301
0.486648 0.16494
0.315331 0.296602
0.639066 0.359726
0.703852 0.295227
0.903361 0.096143
0.834398 0.165091
0.905858 0.093242
0.860763 0.138206
0.805996 0.192849
0.79932 0.199028
0.796528 0.201477
0.332228 0.204818
0.450014 0.428389
0.530016 0.249553
0.485263 0.166426
0.316454 0.29845
0.487932 0.165477
0.31616 0.298495
0.781763 0.169367
0.337267 0.18707
0.689118 0.292804
0.489707 0.480911
0.549995 0.40702
0.681594 0.234094
0.724241 0.164402
0.742792 0.117843
0.75437 0.00268
0.755723 0.000625
0.756488 0
0.600645 0.169985
0.600371 0.172204
0.602961 0.168376
0.602563 0.169765
0.589812 0.181019
0.589286 0.183917
0.597117 0.17641
0.597629 0.173856
0.600066 0.17487
0.602951 0.168166
0.59591 0.180218
0.589417 0.185495
0.600132 0.177072
0.602706 0.169679
0.596506 0.18214
0.601539 0.172705
0.598792 0.180026
0.595627 0.184207
0.590684 0.187253
0.590057 0.189078
0.597888 0.181515
0.600316 0.174929
0.595081 0.185237
0.590142 0.189707
0.599207 0.176785
0.597299 0.183194
0.594828 0.186453
0.589327 0.191262
0.596425 0.178497
0.595293 0.185515
0.597153 0.182642
0.594659 0.176222
0.593213 0.188292
0.594842 0.188023
0.606477 0.185483
0.605692 0.190491
0.603404 0.18744
0.604278 0.182709
0.604207 0.17754
0.605966 0.17952
0.604497 0.173245
0.603063 0.172504
0.606745 0.179846
0.60725 0.188835
0.606164 0.193021
0.604982 0.172882
0.607065 0.179587
0.607779 0.189814
0.606491 0.195604
0.604953 0.171491
0.606872 0.179065
0.607656 0.190917
0.604187 0.169696
0.60603 0.178649
0.606746 0.1926
0.60281 0.168159
0.60478 0.179241
0.604539 0.196
0.601692 0.167467
0.598224 0.227395
0.600443 0.206058
0.600193 0.210314
0.598724 0.231188
0.602007 0.200855
0.601427 0.182176
0.599191 0.18861
0.595234 0.173555
0.598985 0.169024
0.597854 0.19099
0.601183 0.189911
0.601995 0.193165
0.597587 0.193118
0.597564 0.187996
0.60445 0.195654
0.59766 0.200294
0.603741 0.200264
0.598569 0.207069
0.579435 0.185454
0.589069 0.178755
0.589195 0.175788
0.583365 0.1805
0.579324 0.182811
0.584708 0.186722
0.583049 0.187423
0.57725 0.185368
0.581495 0.195072
0.582552 0.195514
0.594149 0.182611
0.592222 0.184109
0.589234 0.179861
0.594365 0.179039
0.595224 0.174477
0.595881 0.172868
0.59992 0.17501
0.599641 0.170737
0.594088 0.17537
0.594573 0.172224
0.595053 0.175422
0.596433 0.18801
0.603538 0.177208
0.582998 0.198913
0.58866 0.192418
0.581236 0.198298
0.5904 0.184951
0.583712 0.180377
0.574317 0.208379
0.605066 0.237233
0.591538 0.254425
0.593849 0.244781
0.590806 0.246096
0.589619 0.250012
0.58794 0.253226
0.58771 0.252294
0.599806 0.179842
0.59854 0.184324
0.599461 0.21963
0.601382 0.214008
0.591821 0.242102
0.596113 0.230519
0.594548 0.23662
0.58403 0.19083
0.592573 0.226694
0.595046 0.214927
0.600498 0.211153
0.597041 0.227579
0.589013 0.206415
0.583325 0.216724
0.573174 0.193901
0.581513 0.18951
0.579843 0.192312
0.579189 0.1895
0.603906 0.208891
0.60601 0.200738
0.592117 0.246466
0.574065 0.198398
0.573757 0.201415
0.571522 0.192548
0.586357 0.249681
0.589004 0.247574
0.5825 0.265418
0.584725 0.258415
0.586938 0.257726
0.581741 0.254279
0.810328 0.1931
0.787453 0.216351
0.779952 0.224207
0.784039 0.220196
0.777264 0.227006
0.872805 0.12923
0.778381 0.225572
0.773746 0.230392
0.921897 0.07685
0.903782 0.095387
0.924945 0.074548
1.01544 0
0.895094 0.104327
0.901934 0.097718
0.886454 0.113234
0.89215 0.107596
0.969887 0.008566
0.963517 0.020977
0.97735 0
0.992205 0
0.957448 0.032844
0.96613 0.015805
0.953882 0.039839
0.960579 0.026696
0.967516 0.014703
0.970554 0.00862
0.823459 0.175803
0.81009 0.189374
0.955335 0.011699
0.936723 0.057355
0.901408 0.086386
0.929859 0.042112
0.91933 0.071218
0.895438 0.091938
0.791156 0.203645
0.8276 0.168446
0.735104 0.263641
0.759255 0.238811
0.930048 0.039135
0.946547 0.021026
0.691906 0.306633
0.608019 0.389456
0.822739 0.171516
0.874797 0.122284
0.967269 0.015017
0.966148 0.017331
0.859146 0.140775
0.861902 0.138022
0.947641 0.050126
0.885273 0.113585
0.919184 0.079516
0.957862 0.029445
0.951997 0.047779
0.984128 0
0.989452 0
0.969732 0.010428
1.0333 0
1.00054 0
0.910867 0.088975
0.977023 0
0.97799 0
0.525285 0.47465
0.514637 0.485279
0.831621 0.167737
0.683516 0.31601
0.967798 0.013957
0.85606 0.143843
0.906944 0.091328
0.938822 0.058293
0.908003 0.095054
0.975502 0
0.991852 0
0.847477 0.152199
0.890037 0.109644
0.966698 0.004912
0.517331 0.482536
0.813744 0.185368
0.9675 0.014599
0.85093 0.148925
0.903161 0.094478
0.939408 0.056333
0.888189 0.114724
0.966909 0
0.934912 0.065432
0.542679 0.459695
0.964273 0.00221
0.823822 0.174933
0.519027 0.480646
0.846978 0.152797
0.966332 0.016987
0.907908 0.088654
0.944777 0.046706
0.954315 0.023163
0.896084 0.106475
0.63144 0.373375
0.622613 0.381789
0.960519 0.00032
0.822384 0.175874
0.555039 0.444362
0.849464 0.149696
0.973567 0.002574
0.971984 0.00573
0.833088 0.166125
0.915856 0.06312
0.867847 0.120951
0.880497 0.109937
0.925027 0.056715
0.889424 0.098882
0.908034 0.079908
0.776336 0.222911
0.744251 0.253534
0.767657 0.233666
0.797126 0.201628
0.926734 0.034425
0.934195 0.022103
0.600296 0.397257
0.536054 0.461972
0.764396 0.231084
0.739255 0.255322
0.844427 0.154694
0.972451 0.004804
0.869271 0.117941
0.914872 0.0604
0.79748 0.196238
0.900166 0.083374
0.756218 0.239318
0.806679 0.189531
0.656889 0.339855
0.805093 0.19212
0.922508 0.04054
0.571802 0.425335
0.746123 0.247479
0.780146 0.213904
0.818967 0.177371
0.79285 0.20437
0.715191 0.280018
0.965752 0.018192
0.966054 0.017623
0.823362 0.176335
0.846972 0.152885
0.960537 0.022871
0.937334 0.060944
0.933399 0.064244
0.963344 0.012906
0.884945 0.113898
0.849572 0.148354
0.730938 0.268655
0.860148 0.139972
0.534689 0.465075
0.706347 0.29294
0.870585 0.128184
0.876451 0.122647
0.978488 0
0.980443 0
0.974009 0
0.832867 0.166781
0.96694 0.015797
0.906808 0.086676
0.941669 0.041749
0.933688 0.051157
0.894982 0.096989
0.94559 0.037661
0.869195 0.1323
0.665345 0.343472
0.690462 0.315461
0.954918 0.003163
0.82184 0.175772
0.63852 0.360443
0.909008 0.0862
0.922667 0.065847
0.93193 0.057636
0.830778 0.170189
0.813 0.187075
0.652188 0.353915
0.943499 0.008952
0.949985 0.001948
0.79833 0.197815
0.574705 0.423592
0.628544 0.370066
0.823318 0.173442
0.830065 0.169313
0.828952 0.170569
0.957787 0.03289
0.973884 0.001305
0.972923 0.003345
0.929442 0.069375
0.969781 0.009772
0.968695 0.01141
0.974057 0.000881
0.971736 0.006097
0.955253 0.038763
0.933121 0.066515
0.943504 0.056126
0.948706 0.051005
0.937864 0.061815
0.911544 0.088128
0.917523 0.082191
0.913912 0.085855
0.89909 0.100609
0.910859 0.089023
0.869443 0.130307
0.855053 0.144286
0.868713 0.130334
0.914736 0.084819
0.905799 0.093788
0.893437 0.106081
0.901429 0.097977
0.986044 0
0.972188 0.004273
0.980114 0
0.972878 0.003012
0.977188 0
0.97333 0.002184
0.937252 0.06117
0.915471 0.082373
0.818553 0.176995
0.943951 0.054649
0.954342 0.041004
0.928155 0.071545
0.93724 0.062515
0.903454 0.09564
0.924399 0.075148
0.920948 0.078495
0.958239 0.031678
0.929307 0.069018
0.967677 0.013258
0.951787 0.044473
0.916551 0.081726
0.966284 0.016061
0.993118 0
0.982438 0
0.983689 0
0.991955 0
0.9783 0
0.978288 0
0.966092 0.015823
0.958028 0.031666
0.97017 0.007589
0.977827 0
0.958239 0.031282
0.95402 0.039587
0.934884 0.063816
0.939819 0.058881
0.924662 0.073689
0.899112 0.098769
0.9448 0.053909
0.935581 0.062959
0.924324 0.073896
0.893718 0.103749
0.938712 0.059829
0.838314 0.161912
0.859332 0.140765
0.864934 0.13467
0.841267 0.158117
0.871408 0.128517
0.874182 0.125595
0.86097 0.139638
0.869575 0.130706
0.832955 0.168817
0.876766 0.12325
0.877485 0.121871
0.86641 0.132326
0.878869 0.120771
0.897634 0.102288
0.886044 0.114079
0.8877 0.112767
0.91432 0.085693
0.887855 0.112054
0.882659 0.117387
0.726877 0.278963
0.752547 0.252159
0.747127 0.257469
0.721356 0.283746
0.761482 0.242878
0.757274 0.247101
0.771965 0.231439
0.768921 0.234923
0.781479 0.222176
0.796548 0.206581
0.768256 0.235731
0.773754 0.230167
0.753834 0.25142
0.765939 0.238612
0.943485 0.044182
0.950566 0.038855
0.922658 0.076994
0.973771 0.001378
0.950001 0.047489
0.881065 0.118801
0.767801 0.236329
0.762204 0.241974
0.93417 0.013903
0.932527 0.027584
0.946654 0.007659
0.923474 0.009036
0.603625 0.317283
0.608958 0.260772
0.510336 0.417339
0.49693 0.462683
0.800786 0.181969
0.753284 0.209966
0.669329 0.306015
0.68673 0.303616
0.853063 0.117504
0.79789 0.147826
0.937659 0.04813
0.83754 0.158631
0.874672 0.121699
0.948073 0.027246
0.963172 0.014613
0.948319 0.041502
0.970807 0
0.978786 0
0.913978 0.072788
0.737703 0.258421
0.779447 0.21672
0.925303 0.061549
0.954438 0.03755
0.981101 0
0.985004 0
0.952242 0.042783
0.608756 0.113167
0.607501 0.119783
0.649946 0.165061
0.643855 0.175255
0.509865 0.161226
0.278964 0.255891
0.274043 0.258996
0.50034 0.166408
0.691912 0.107524
0.700112 0.089557
0.686058 0.143408
0.676373 0.170385
0.445857 0.38475
0.593683 0.255018
0.641123 0.242658
0.520505 0.332673
0.899327 0.100649
0.948511 0.05147
0.845303 0.154665
0.782597 0.217373
0.962337 0.025286
0.98534 0
0.828489 0.170929
0.8419 0.157702
0.664387 0.334885
0.663103 0.335793
0.954179 0.040995
0.962596 0.024299
0.998349 0
0.998678 0
0.554373 0.442795
0.717026 0.281584
0.664995 0.33356
0.625614 0.371501
0.696506 0.298654
0.576079 0.421473
0.746085 0.248397
0.834524 0.164769
0.945087 0.020136
0.926777 0.041923
0.963622 0
0.979771 0
0.49938 0.283977
0.478999 0.305628
0.440767 0.332955
0.44095 0.322158
0.488458 0.41306
0.56042 0.338779
0.733235 0.206615
0.673243 0.260918
0.913577 0.026262
0.639531 0.145555
0.662973 0.144354
0.94758 0.001847
0.901081 0.073563
0.857829 0.109564
0.805122 0.142353
0.993898 0
0.993351 0
0.828229 0.171702
0.686853 0.31306
0.918169 0.081774
0.972058 0.00552
0.866436 0.13333
0.995487 0
0.994673 0
0.941117 0.039524
0.977837 0
0.958516 0.010565
0.917547 0.063045
0.654703 0.231645
0.524068 0.2335
0.543877 0.293086
0.728952 0.155497
0.696264 0.150749
0.61942 0.114769
0.612367 0.112941
0.639851 0.181685
0.637642 0.186504
0.846421 0.143912
0.856395 0.133079
0.66622 0.33337
0.735235 0.263997
0.714623 0.283892
0.976966 0
0.981039 0
0.995304 0
0.993917 0
0.990556 0
0.992341 0
0.994338 0
0.996142 0
0.488071 0.354932
0.409522 0.387115
0.431427 0.38454
0.924351 0.07527
0.915746 0.083785
0.803771 0.195205
0.82708 0.17215
0.772993 0.169613
0.77809 0.170652
0.916945 0.052334
0.917986 0.052017
0.934559 0.061627
0.946487 0.050959
0.956259 0.035297
0.952488 0.043997
0.981215 0
0.977631 0
0.95179 0.042548
0.953566 0.039563
0.975187 0
0.973948 0
0.65989 0.339222
0.624677 0.374599
0.822989 0.17612
0.817119 0.18174
0.690984 0.307999
0.948453 0.050528
0.987955 0
0.989231 0
0.941629 0.057611
0.975122 0
0.977744 0
0.953329 0.039101
0.951606 0.042177
0.806658 0.064485
0.664933 0.166175
0.793477 0.082165
0.669739 0.327999
0.765033 0.233709
0.993069 0
0.998803 0
0.999425 0
0.997715 0
0.9943 0
0.986085 0
0.992187 0
0.998303 0
0.996695 0
0.983635 0
0.97165 0
0.986082 0
0.98547 0
0.951739 0.044607
0.930395 0.068843
0.713257 0.283234
0.696077 0.300254
0.904375 0.084667
0.911725 0.078473
0.995855 0
0.991668 0
0.973942 0
0.991042 0
0.987591 0
0.628335 0.157639
0.618974 0.226118
0.437665 0.368229
0.443812 0.203461
0.361887 0.261279
0.396417 0.370165
0.898651 0.09914
0.928406 0.069551
0.973105 0
0.964062 0
0.875975 0.079764
0.904626 0.065844
0.910177 0.042586
0.879975 0.058716
0.881559 0.09991
0.624559 0.264933
0.670734 0.189723
0.814249 0.175257
0.662369 0.331283
0.823214 0.103723
0.831268 0.073587
0.90474 0.082146
0.90119 0.086448
0.693525 0.30269
0.709511 0.286599
0.836766 0.161409
0.78861 0.208988
0.920494 0.050761
0.923371 0.048403
0.629325 0.113017
0.638407 0.187165
0.976218 0
0.931218 0.025166
0.84846 0.068912
0.979891 0
0.863784 0.135535
0.962536 0.024105
0.955053 0.039122
0.786782 0.207758
0.895693 0.091407
0.916383 0.077408
0.958644 0.019147
0.877192 0.120719
0.774043 0.223431
0.997579 0
0.819713 0.14135
0.888606 0.062923
0.928481 0.034259
0.961726 0
0.983167 0
0.993387 0
0.988005 0
0.965484 0.000923
0.608193 0.15913
0.928473 0.052973
0.896354 0.063406
0.770583 0.162735
0.811895 0.147268
0.815787 0.121792
0.706715 0.194098
0.64614 0.240874
0.77195 0.151389
0.586958 0.324622
0.641369 0.292123
0.531757 0.212223
0.52151 0.229492
0.518049 0.300039
0.538482 0.266094
0.950222 0.036712
0.882637 0.114317
0.914389 0.084013
0.971209 0.000809
0.925805 0.063561
0.830132 0.165437
0.932196 0.0179
0.873726 0.061939
0.924186 0.032404
0.714521 0.282112
0.88369 0.108551
0.547106 0.344564
0.492815 0.411235
0.276371 0.262787
0.322867 0.266487
0.322021 0.257189
0.993465 0
0.886761 0.112624
0.970876 0.007468
0.994256 0
0.939259 0.06049
0.964972 0.01983
0.997503 0
0.97153 0.00665
0.998605 0
0.997694 0
0.739301 0.260301
0.75747 0.241784
0.607604 0.39129
0.50132 0.498101
0.858923 0.140801
0.838328 0.161129
0.926034 0.073784
0.887467 0.112124
0.517056 0.482896
0.505723 0.494236
0.820866 0.178989
0.805605 0.194303
0.480161 0.192978
0.385239 0.219338
0.405624 0.207655
0.474699 0.203869
0.298447 0.286838
0.30727 0.273446
0.947239 0.049688
0.983971 0
0.97628 0
0.880208 0.118591
0.931648 0.040425
0.94099 0.032241
0.825591 0.128694
0.812503 0.129827
0.947755 0.050498
0.980731 0
0.541061 0.458758
0.650574 0.349144
0.928363 0.071358
0.93815 0.061567
0.721342 0.278105
0.803928 0.195601
0.987216 0
0.984962 0
0.949307 0.047012
0.972897 0
0.709341 0.28931
0.736516 0.261713
0.724783 0.273429
0.772913 0.183873
0.754681 0.193868
0.727476 0.213994
0.73902 0.204382
0.704017 0.258214
0.703712 0.250789
0.706765 0.262434
0.792812 0.206734
0.716907 0.282873
0.636644 0.362964
0.779114 0.220583
0.9985 0
0.777962 0.221672
0.676004 0.323797
0.989882 0
0.99092 0
0.992472 0
0.52058 0.159738
0.926879 0.067034
0.883387 0.101822
0.93448 0.030532
0.943132 0.020615
0.68558 0.314039
0.927173 0.072505
0.657518 0.341817
0.988702 0
0.929742 0.051979
0.904762 0.05903
0.86036 0.107917
0.889875 0.095352
0.970968 0.006598
0.940249 0.058276
0.979756 0
0.989815 0
0.944484 0.05475
0.984147 0
0.614953 0.383676
0.755364 0.243715
0.626874 0.3715
0.604 0.393843
0.808557 0.119243
0.931464 0.024799
0.904934 0.04525
0.865736 0.093187
0.814473 0.099772
0.69911 0.208028
0.702947 0.229475
0.442405 0.331841
0.472781 0.259703
0.431432 0.349548
0.518026 0.286971
0.524532 0.250542
0.439014 0.303081
0.318348 0.248781
0.541367 0.173189
0.553237 0.187752
0.373798 0.249074
0.618494 0.169099
0.655984 0.168819
0.633582 0.173345
0.588125 0.17796
0.584351 0.182907
0.518225 0.1976
0.459337 0.267465
0.604055 0.204725
0.609854 0.205275
0.465176 0.269549
0.504119 0.482881
0.531581 0.463735
0.686704 0.305462
0.735998 0.260648
0.866647 0.113208
0.888723 0.09735
0.570829 0.199277
0.421529 0.253817
0.417042 0.292043
0.489621 0.210249
0.408914 0.325449
0.488922 0.279526
0.673882 0.245661
0.798416 0.105929
0.784562 0.112433
0.65866 0.252695
0.668223 0.179119
0.621116 0.207107
0.983837 0
0.992141 0
0.665423 0.33073
0.857518 0.133663
0.709496 0.268468
0.709281 0.264959
0.786045 0.190646
0.782052 0.197938
0.989295 0
0.791188 0.177392
0.412912 0.203685
0.474492 0.212689
0.470816 0.210539
0.411572 0.204006
0.850893 0.042491
0.800627 0.05943
0.483196 0.406567
0.519442 0.32046
0.493878 0.332646
0.495982 0.37941
0.591163 0.187968
0.68394 0.10005
0.482594 0.165223
0.365938 0.320571
0.734048 0.104409
0.47752 0.278587
0.422193 0.290203
0.44763 0.29952
0.508361 0.273833
0.701574 0.162824
0.642424 0.15278
0.769509 0.091704
0.780534 0.089788
0.683667 0.164323
0.688098 0.095529
0.6627 0.098229
0.658982 0.17687
0.694013 0.238331
0.740193 0.168019
0.616913 0.335146
0.708713 0.10226
0.606291 0.156219
0.461025 0.189228
0.527623 0.194145
0.489888 0.204375
0.427078 0.190574
0.594205 0.27745
0.719164 0.145318
0.5639 0.286899
0.317627 0.288415
0.342347 0.272796
0.31939 0.2678
0.404096 0.219007
0.643232 0.107634
0.644951 0.183692
0.76544 0.118385
0.773694 0.082775
0.82557 0.058915
0.609918 0.330791
0.588986 0.328011
0.707765 0.239735
0.764524 0.218408
0.756668 0.225527
0.774778 0.206386
0.748421 0.237538
0.842751 0.141218
0.619359 0.268907
0.653346 0.243183
0.566911 0.414027
0.602213 0.377794
0.717144 0.262779
0.730715 0.250276
0.648628 0.332802
0.761877 0.219729
0.737319 0.244675
0.704587 0.277212
0.747435 0.234126
0.717011 0.281385
0.741405 0.256904
0.669518 0.32895
0.580678 0.417865
0.801187 0.185729
0.77621 0.194451
0.632968 0.353412
0.630612 0.339793
0.640781 0.291861
0.623465 0.234151
0.691465 0.196123
0.723532 0.202301
0.726799 0.143116
0.777605 0.136785
0.281768 0.26599
0.531266 0.163193
0.491879 0.358404
0.438754 0.398444
0.642975 0.226944
0.585047 0.284107
0.600085 0.181133
0.658662 0.119529
0.314055 0.291437
0.349369 0.277555
0.644583 0.174064
0.551323 0.266561
0.490522 0.281946
0.396833 0.33986
0.352266 0.348571
0.447184 0.262286
0.590512 0.203746
0.509421 0.250661
0.650196 0.161033
0.717461 0.096287
0.747193 0.094728
0.756836 0.125789
0.610008 0.124557
0.493072 0.189085
0.503877 0.19153
0.615508 0.12717
0.471205 0.218881
0.63905 0.143797
0.631322 0.144042
0.38122 0.312213
0.367243 0.256617
0.318605 0.25893
0.469178 0.335025
0.58689 0.2724
0.559797 0.291462
0.538962 0.296169
0.546179 0.292311
0.630415 0.264259
0.456307 0.329999
0.614977 0.201473
0.885666 0.052937
0.877036 0.057695
0.624309 0.191068
0.615776 0.221967
0.489123 0.185241
0.458188 0.2082
0.520122 0.162793
0.534723 0.159992
0.559806 0.198506
0.57005 0.193211
0.564001 0.180389
0.545852 0.174455
0.600988 0.219622
0.605353 0.192716
0.599553 0.192375
0.597522 0.210673
0.584725 0.212127
0.57986 0.210145
0.574796 0.231565
0.581745 0.235074
0.597287 0.176282
0.588783 0.159752
0.587799 0.170804
0.591949 0.180635
0.835443 0.135017
0.925212 0.042229
0.919275 0.050324
0.803088 0.156171
0.573357 0.263352
0.563487 0.258647
0.557961 0.296078
0.543966 0.293043
0.513678 0.340798
0.526079 0.345578
0.656774 0.154475
0.60162 0.170207
0.586301 0.153101
0.555783 0.154102
0.562329 0.153134
0.593386 0.190555
0.59272 0.200736
0.553871 0.158811
0.515646 0.164585
0.526689 0.153312
0.557652 0.16787
0.470008 0.236447
0.397078 0.32855
0.433747 0.31909
0.476768 0.293732
0.291728 0.24523
0.289124 0.270652
0.291444 0.269435
0.291567 0.241184
0.705106 0.153513
0.725443 0.121177
0.729384 0.121585
0.707252 0.154665
0.560959 0.1887
0.537953 0.196457
0.504233 0.286725
0.50843 0.295201
0.698615 0.09727
0.666698 0.117242
0.672475 0.103868
0.705461 0.08708
0.657277 0.159009
0.624558 0.220031
0.354888 0.323485
0.33319 0.305761
0.335128 0.314697
0.361713 0.317036
0.507174 0.335465
0.510927 0.335023
0.833824 0.130947
0.813126 0.151811
0.796143 0.167417
0.783769 0.180051
0.791306 0.173096
0.660016 0.131583
0.725549 0.107478
0.842588 0.119271
0.829171 0.126653
0.808209 0.150057
0.824691 0.138428
0.573359 0.345754
0.595275 0.301022
0.539926 0.360618
0.488523 0.433433
0.851049 0.112796
0.481763 0.208504
0.448525 0.229042
0.466402 0.224768
0.504315 0.202678
0.582574 0.216185
0.573586 0.237236
0.522578 0.253637
0.524898 0.232739
0.41748 0.249529
0.434779 0.244464
0.654972 0.181299
0.637704 0.201346
0.732131 0.129713
0.758071 0.110582
0.780028 0.098625
0.753154 0.114645
0.585242 0.196373
0.57955 0.203934
0.670666 0.151283
0.669578 0.160868
0.521179 0.21685
0.511973 0.243762
0.509882 0.217049
0.552683 0.194775
0.54989 0.194322
0.504376 0.218535
0.512705 0.217234
0.553155 0.196348
0.487638 0.233482
0.481862 0.234818
0.512718 0.273559
0.558462 0.258539
0.619342 0.220956
0.490197 0.257122
0.486063 0.27184
0.47447 0.264635
0.474814 0.253374
0.572338 0.164885
0.524457 0.184629
0.559146 0.174909
0.654204 0.133845
0.587069 0.158753
0.640556 0.138843
0.611849 0.149597
0.69108 0.119645
0.711768 0.112358
0.835777 0.118925
0.849194 0.111792
0.856401 0.103362
0.841473 0.112019
0.608838 0.17305
0.658485 0.159045
0.664081 0.152692
0.610433 0.169911
0.388275 0.267008
0.406664 0.258181
0.432311 0.216631
0.441596 0.212743
0.361333 0.242067
0.355937 0.244445
0.511646 0.419392
0.534787 0.398068
0.568698 0.298854
0.451987 0.430913
0.506059 0.383521
0.574168 0.273413
0.528698 0.297186
0.540793 0.323688
0.594864 0.270223
0.58437 0.247414
0.883725 0.063552
0.865328 0.062686
0.862132 0.064458
0.878256 0.066895
0.622724 0.229479
0.575947 0.270629
0.63181 0.238795
0.678208 0.198236
0.560813 0.26226
0.516933 0.300956
0.783627 0.115746
0.779716 0.137278
0.839162 0.095344
0.839164 0.08011
0.736061 0.202641
0.709919 0.233031
0.746369 0.19586
0.795449 0.147915
0.548303 0.387336
0.498393 0.437222
0.592017 0.344309
0.618134 0.316936
0.523721 0.29037
0.559161 0.207595
0.592833 0.185822
0.541958 0.297297
0.61571 0.177959
0.59563 0.190477
0.637273 0.152722
0.662492 0.135998
0.538001 0.322135
0.522758 0.327593
0.346586 0.341357
0.357714 0.354407
0.35703 0.319593
0.320864 0.316108
0.338352 0.263466
0.335032 0.29739
0.311875 0.253319
0.312273 0.236793
0.49518 0.193695
0.510275 0.187577
0.31726 0.313702
0.327792 0.305965
0.400081 0.282968
0.373132 0.302247
0.685206 0.15627
0.665608 0.12868
0.698955 0.124947
0.715101 0.09293
0.722136 0.091957
0.635154 0.163383
0.570044 0.220503
0.546886 0.236963
0.679097 0.123194
0.716807 0.234897
0.599123 0.336175
0.702598 0.248487
0.797736 0.165824
0.644624 0.285977
0.789558 0.170458
0.706402 0.242529
0.545167 0.37226
0.606121 0.290003
0.61396 0.273155
0.651581 0.196776
0.644162 0.203646
0.459267 0.214724
0.431131 0.233432
0.508116 0.434583
0.492246 0.456169
0.486772 0.459526
0.522116 0.417975
0.656059 0.296264
0.670073 0.27988
0.615826 0.332453
0.599333 0.350622
0.649471 0.297244
0.691827 0.255799
0.570736 0.381784
0.630309 0.324903
0.481303 0.417737
0.463411 0.42826
0.45484 0.440091
0.470113 0.430962
0.464726 0.418292
0.456169 0.421196
0.43959 0.410262
0.474701 0.397633
0.474819 0.382965
0.428784 0.403144
0.539943 0.34359
0.517 0.37269
0.912395 0.059242
0.926317 0.050927
0.904751 0.069541
0.882082 0.084141
0.695397 0.249256
0.697471 0.243957
0.525533 0.336409
0.476144 0.361975
0.471673 0.376035
0.53565 0.339061
0.416104 0.408148
0.431298 0.383179
0.587579 0.34791
0.667535 0.276396
0.471106 0.444656
0.494808 0.339666
0.500793 0.376673
0.501615 0.414413
0.52653 0.402931
0.535178 0.390443
0.509674 0.402977
0.605624 0.310389
0.587916 0.319245
0.550267 0.355481
0.569303 0.346959
0.655566 0.257845
0.606466 0.288795
0.60997 0.29523
0.641516 0.276865
0.718077 0.184986
0.761211 0.148764
0.725945 0.235616
0.732872 0.228752
0.746326 0.215582
0.73842 0.22369
0.594146 0.359968
0.537707 0.413285
0.541769 0.409903
0.599388 0.355384
0.486327 0.460875
0.497173 0.445254
0.498029 0.444809
0.486958 0.460763
0.516748 0.413628
0.490777 0.425713
0.49274 0.424747
0.518486 0.41333
0.451612 0.445284
0.47406 0.411736
0.474617 0.410608
0.452256 0.444119
0.46102 0.441955
0.461426 0.441804
0.856923 0.068169
0.866294 0.075109
0.823158 0.074026
0.770915 0.091104
0.761035 0.094014
0.819402 0.075336
0.550075 0.173114
0.521221 0.184709
0.419675 0.222026
0.475507 0.201879
0.348281 0.247821
0.931711 0.04648
0.931778 0.048516
0.895651 0.079553
0.924812 0.055523
0.914926 0.064712
0.883257 0.090733
0.835093 0.133752
0.848311 0.120532
0.886978 0.089044
0.755091 0.203444
0.514146 0.415803
0.492522 0.416325
0.545399 0.363142
0.522 0.40031
0.42896 0.273785
0.391297 0.316845
0.492824 0.247528
0.52011 0.236045
0.395496 0.320348
0.374088 0.374041
0.393848 0.366877
0.407182 0.323169
0.32458 0.288167
0.348908 0.301919
0.365202 0.293119
0.330252 0.277722
0.559959 0.307354
0.556127 0.304419
0.642603 0.219457
0.645083 0.218793
0.835147 0.134181
0.751914 0.206875
0.514199 0.390848
0.585721 0.350761
0.647843 0.298426
0.867708 0.103912
0.775774 0.181771
0.780298 0.175217
0.852368 0.113548
0.82061 0.135017
0.755294 0.192285
0.715364 0.201575
0.658292 0.238032
0.572392 0.291144
0.518704 0.320479
0.467722 0.345173
0.544164 0.202732
0.56411 0.226938
0.508279 0.367389
0.535438 0.286121
0.420842 0.419549
0.442619 0.327937
0.419664 0.344951
0.383663 0.337227
0.377742 0.357205
0.407577 0.385057
0.377159 0.320409
0.36883 0.362073
0.428708 0.326847
0.447286 0.321377
0.411814 0.312063
0.417778 0.323095
0.408341 0.278542
0.40966 0.249908
0.642511 0.314263
0.646467 0.310823
0.650632 0.30695
0.611234 0.344295
0.760499 0.185144
0.801282 0.144961
0.775693 0.174228
0.802823 0.145795
0.696076 0.255587
0.715138 0.234643
0.73994 0.212963
0.708134 0.247992
0.758698 0.203222
0.752564 0.208447
0.745799 0.215903
0.783205 0.176933
0.761091 0.199337
0.770997 0.191321
0.75811 0.20449
0.68973 0.269742
0.724458 0.23674
0.727048 0.234315
0.705026 0.255373
0.605094 0.332502
0.652981 0.275311
0.819883 0.122282
0.760406 0.17017
0.858105 0.104957
0.865551 0.096352
0.873587 0.081451
0.857074 0.092707
0.669362 0.289124
0.691874 0.267861
0.722868 0.236385
0.666585 0.147019
0.609685 0.167491
0.705334 0.144846
0.727288 0.130721
0.708571 0.134432
0.694098 0.146065
0.470032 0.244844
0.467839 0.248728
0.47094 0.255674
0.474407 0.246544
0.475593 0.236708
0.469598 0.240553
0.489781 0.239262
0.439315 0.312032
0.457695 0.285139
0.429504 0.285657
0.408115 0.308923
0.738242 0.223173
0.668637 0.288718
0.702467 0.257065
0.730058 0.231636
0.542388 0.204818
0.42704 0.313631
0.484144 0.333312
0.496026 0.291952
0.540175 0.42882
0.522315 0.45733
0.807125 0.091097
0.745134 0.101572
0.661787 0.134469
0.537459 0.401267
0.532815 0.413312
0.477204 0.444546
0.566447 0.343061
0.588452 0.397457
0.530075 0.441273
0.654396 0.31935
0.718076 0.268192
0.473067 0.42414
0.544338 0.308597
0.675793 0.248927
0.671592 0.236203
0.812059 0.12569
0.842145 0.114418
0.640786 0.134969
0.555247 0.228248
0.678221 0.110623
0.639665 0.180836
0.54726 0.283066
0.562657 0.293037
0.466542 0.418942
0.495173 0.331393
0.624635 0.169111
0.637974 0.167828
0.505246 0.287379
0.532371 0.227499
0.50626 0.334813
0.632963 0.221093
0.876269 0.055842
0.477883 0.333263
0.527783 0.326817
0.502111 0.28205
0.523846 0.229287
0.504669 0.335415
0.638081 0.220796
0.69814 0.154622
0.716054 0.122711
0.68616 0.112465
0.7022 0.100078
0.510123 0.194549
0.613441 0.134315
0.509345 0.169458
0.52146 0.245417
0.575125 0.203767
0.568322 0.218751
0.55615 0.239536
0.391529 0.385921
0.371238 0.289831
0.388931 0.280124
0.420435 0.354977
0.302242 0.256452
0.287906 0.273737
0.415292 0.352853
0.429414 0.329878
0.96145 0.001015
0.920331 0.073258
0.934229 0.058463
0.717401 0.28101
0.949953 0.045274
0.972126 0
0.595739 0.30223
0.714894 0.227906
0.573494 0.172809
0.576216 0.172652
0.559383 0.150491
0.608735 0.146333
0.463636 0.282423
0.422586 0.320088
0.397399 0.340133
0.63474 0.33701
0.632686 0.327626
0.558998 0.219223
0.569374 0.208059
0.547289 0.222004
0.53263 0.234396
0.617073 0.169143
0.370778 0.358149
0.464639 0.298639
0.528054 0.246558
0.572884 0.20381
0.515147 0.248463
0.516166 0.235614
0.591023 0.1829
0.529976 0.180423
0.615077 0.134512
0.609265 0.151001
0.52586 0.202062
0.563437 0.201483
0.575477 0.222687
0.560865 0.194351
0.412518 0.2768
0.371501 0.283837
0.386086 0.298152
0.35755 0.285087
0.704035 0.214962
0.577599 0.180132
0.579616 0.180394
0.570841 0.172929
0.573217 0.1778
0.585483 0.183325
0.583737 0.178684
0.58337 0.194907
0.580932 0.194007
0.586461 0.187981
0.587207 0.192237
0.578644 0.193278
0.577294 0.188677
0.575287 0.183291
0.582012 0.188051
0.580196 0.187998
0.579078 0.184206
0.512069 0.156699
0.719516 0.116059
0.411725 0.233336
0.321205 0.254304
0.325277 0.269322
0.429291 0.194112
0.457782 0.29477
0.488338 0.249715
0.326701 0.290984
0.35139 0.277439
0.355689 0.275962
0.414717 0.234598
0.50944 0.260017
0.405272 0.260163
0.475272 0.215581
0.524856 0.181166
0.554215 0.157584
0.57139 0.155904
0.579272 0.173439
0.581451 0.180399
0.580978 0.184391
0.582689 0.18421
0.583679 0.187756
0.585555 0.193428
0.589594 0.208772
0.590871 0.227668
0.588077 0.248489
0.656619 0.131734
0.315249 0.30236
0.337691 0.321641
0.279013 0.271306
0.276878 0.276086
0.29567 0.275646
0.296758 0.284281
0.408959 0.298243
0.520747 0.220189
0.601726 0.166287
0.476357 0.302044
0.99924 0
0.99687 0
0.98282 0
0.950621 0.048635
0.877097 0.122798
0.696523 0.303288
0.711344 0.288282
0.961889 0.025425
0.97007 0.009175
0.99283 0
0.990992 0
0.860535 0.082652
0.760671 0.15315
0.696194 0.170373
0.779112 0.110511
0.522503 0.224104
0.573227 0.183506
0.448598 0.288395
0.392987 0.300539
0.380447 0.326905
0.348908 0.314789
0.328138 0.293425
0.287628 0.25894
0.270641 0.2624
0.310068 0.27134
0.294712 0.287523
0.327751 0.262228
0.306441 0.271345
0.323714 0.28438
0.366917 0.27837
0.49631 0.241213
0.548024 0.16619
0.479041 0.20783
0.403437 0.319569
0.398635 0.373584
0.432811 0.297295
0.483966 0.245665
0.531767 0.20035
0.55887 0.170609
0.573749 0.150206
0.580644 0.162112
0.581742 0.174154
0.971197 0
0.42393 0.289509
0.380542 0.349711
0.373227 0.345848
0.400848 0.321631
0.550153 0.33165
0.518 0.379773
0.366338 0.2518
0.426485 0.250772
0.493994 0.154549
0.28701 0.257861
0.2965 0.285203
0.487644 0.186255
0.359275 0.312113
0.304183 0.258954
0.506952 0.183446
0.520238 0.239563
0.603202 0.247895
0.623485 0.145481
0.601869 0.167493
0.869277 0.059616
0.700055 0.303623
0.735016 0.269149
0.754275 0.249925
0.767518 0.236817
0.969601 0.010497
0.996517 0
0.995969 0
0.979812 0
0.888482 0.111393
0.604921 0.392997
0.629048 0.369257
0.753672 0.245167
0.872982 0.12626
0.929063 0.070607
0.920478 0.079347
0.911042 0.088693
0.814643 0.18518
0.620369 0.379511
0.488495 0.183155
0.492703 0.174269
0.440881 0.23481
0.50561 0.199347
0.39073 0.261844
0.977293 0
0.994946 0
0.989792 0
0.995578 0
0.969215 0
0.949977 0.002373
0.925117 0.028558
0.931649 0.01667
0.942101 0.00158
0.955483 0
0.968284 0
0.98919 0
0.989159 0
0.925426 0.074202
0.928578 0.070971
0.630934 0.368401
0.661596 0.33786
0.662417 0.33666
0.672222 0.326711
0.887234 0.1098
0.956535 0.011241
0.926896 0.044715
0.955987 0.016204
0.84875 0.122529
0.496748 0.38388
0.565924 0.231679
0.559579 0.138538
0.484938 0.216178
0.353742 0.343403
0.451442 0.225956
0.501885 0.188615
0.809505 0.148419
0.797163 0.159361
0.720209 0.22223
0.825409 0.110129
0.784339 0.143299
0.891054 0.085462
0.512367 0.351846
0.553499 0.30451
0.464869 0.408159
0.919714 0.060344
0.915285 0.062954
0.469893 0.436535
0.474737 0.383197
0.481214 0.415806
0.570771 0.359613
0.452902 0.358183
0.452987 0.393458
0.471233 0.319993
0.503001 0.278351
0.57467 0.228157
0.812542 0.079236
0.775497 0.104315
0.824912 0.073364
0.636059 0.307631
0.461774 0.459846
0.48567 0.403005
0.399296 0.279121
0.333812 0.291461
0.400835 0.334617
0.424183 0.342492
0.530876 0.410525
0.678354 0.232621
0.675743 0.207992
0.670459 0.18615
0.667376 0.168342
0.57341 0.164015
0.527275 0.256561
0.559541 0.223076
0.597889 0.19493
0.654376 0.144427
0.692958 0.108074
0.713795 0.102955
0.725211 0.101596
0.731341 0.101378
0.30763 0.25924
0.591866 0.201087
0.376249 0.271692
0.402042 0.253532
0.776995 0.089213
0.603496 0.160564
0.560387 0.203269
0.578807 0.172408
0.604201 0.160305
0.580469 0.273325
0.554308 0.320814
0.606596 0.234473
0.603816 0.22709
0.617146 0.183155
0.611179 0.189954
0.611202 0.233093
0.622897 0.173744
0.594182 0.188145
0.499453 0.272599
0.881167 0.076114
0.49643 0.219541
0.541296 0.194954
0.524998 0.197995
0.482628 0.221716
0.466323 0.237872
0.451732 0.240045
0.451802 0.24335
0.434004 0.245934
0.490517 0.197525
0.387098 0.255803
0.412581 0.236576
0.375371 0.244905
0.355101 0.261979
0.347071 0.293172
0.463158 0.244495
0.321817 0.259042
0.309424 0.270595
0.297134 0.293911
0.281404 0.280758
0.592284 0.193963
0.738324 0.110563
0.723579 0.122293
0.666221 0.136028
0.585244 0.168823
0.601686 0.166587
0.667531 0.141339
0.75034 0.10061
0.678133 0.158548
0.681891 0.166423
0.705601 0.148984
0.646837 0.169546
0.656461 0.174631
0.609628 0.178093
0.50911 0.223653
0.555085 0.19985
0.483337 0.243633
0.473106 0.259195
0.463416 0.28294
0.469605 0.267299
0.462781 0.307099
0.476018 0.326418
0.516014 0.31365
0.58447 0.260913
0.682504 0.160222
0.6644 0.180257
0.645791 0.193488
0.655135 0.179526
0.665022 0.292936
0.760264 0.202718
0.725927 0.235764
0.496361 0.444503
0.52321 0.384884
0.548513 0.371856
0.494991 0.400241
0.445789 0.422476
0.473126 0.412907
0.460894 0.242274
0.44997 0.245286
0.433172 0.260529
0.469743 0.261935
0.48294 0.236854
0.46008 0.246119
0.445683 0.266238
0.316191 0.304342
0.300464 0.296109
0.614319 0.249685
0.981148 0
0.613547 0.25093
0.953179 0
0.848107 0.046634
0.595898 0.261159
0.585476 0.261427
0.789976 0.063691
0.736707 0.07603
0.577896 0.251314
0.554009 0.246988
0.678007 0.08339
0.523766 0.253014
0.633306 0.081706
0.581849 0.078487
0.60595 0.079743
0.479119 0.291813
0.446678 0.308904
0.555634 0.076266
0.411066 0.333218
0.373688 0.366555
0.399334 0.341295
0.494626 0.075381
0.52469 0.075306
0.748347 0.017655
0.751617 0.010551
0.74626 0.024552
0.748285 0.033621
0.757506 0.045341
0.794562 0.053327
0.772947 0.052595
0.828415 0.046322
0.933759 0
0.586933 0.186069
0.581269 0.180389
0.336791 0.306642
0.322537 0.295809
0.285028 0.272666
0.592457 0.190035
0.593371 0.192276
0.594182 0.195734
0.619876 0.207863
0.668719 0.211507
0.956349 0.000957
0.980485 0
0.868548 0.084433
0.891531 0.070472
0.88119 0.076243
0.935482 0.033187
0.604269 0.259191
0.620314 0.24479
0.636498 0.22843
0.663746 0.145835
0.651415 0.213001
0.669706 0.137435
0.663553 0.198852
0.548464 0.331674
0.490273 0.405562
0.507859 0.389344
0.549671 0.331638
0.616054 0.229048
0.626837 0.163708
0.521247 0.181985
0.577881 0.192973
0.556019 0.217612
0.454698 0.25338
0.291414 0.241054
0.29223 0.26898
0.364385 0.240759
0.447839 0.210216
0.519689 0.18383
0.869578 0.019893
0.517622 0.415894
0.518372 0.416326
0.515652 0.420593
0.516075 0.421002
0.5398 0.392418
0.538839 0.390214
0.528645 0.404089
0.527935 0.407713
0.553493 0.37053
0.575614 0.344431
0.57999 0.343777
0.556191 0.371371
0.61308 0.306582
0.619152 0.304188
0.654208 0.268948
0.665411 0.26205
0.674393 0.245949
0.738592 0.187042
0.756976 0.175609
0.690192 0.236
0.868165 0.085167
0.849465 0.096
0.810792 0.127314
0.830974 0.115312
0.632663 0.123156
0.672899 0.133463
0.484609 0.306825
0.554164 0.255228
0.401377 0.315126
0.323752 0.296372
0.527815 0.200312
0.360334 0.33757
0.578106 0.135551
0.676529 0.140393
0.931416 0.068009
0.618099 0.380548
0.323615 0.301182
0.311957 0.300184
0.448912 0.2057
0.443785 0.216769
0.545728 0.20468
0.541785 0.298161
0.797792 0.140014
0.455662 0.210412
0.40557 0.22805
0.340082 0.251399
0.434452 0.220408
0.391202 0.234093
0.331471 0.255046
0.363166 0.274132
0.332417 0.280298
0.293317 0.285947
0.333836 0.297071
0.305138 0.301971
0.304087 0.278489
0.280674 0.274754
0.29265 0.284617
0.308123 0.290813
0.381271 0.229821
0.401821 0.242481
0.424172 0.215049
0.486637 0.166079
0.51699 0.165673
0.362549 0.230989
0.801154 0.198589
0.89585 0.103774
0.611787 0.388031
0.475731 0.381955
0.476278 0.332546
0.518889 0.356225
0.540062 0.343656
0.56606 0.322039
0.593478 0.296638
0.613671 0.276339
0.575231 0.160241
0.55636 0.170998
0.57438 0.187558
0.543189 0.26381
0.522878 0.367219
0.448745 0.443537
0.461721 0.421662
0.457018 0.412244
0.476809 0.361735
0.510477 0.262581
0.363838 0.226472
0.311106 0.252633
0.400715 0.262459
0.780268 0.156947
0.568487 0.290932
0.453653 0.400088
0.616076 0.253103
0.641343 0.260179
0.677198 0.262665
0.794422 0.18936
0.724888 0.241951
0.896495 0.100487
0.863522 0.12973
0.88772 0.109383
0.877187 0.117904
0.791438 0.185907
0.836965 0.149551
0.708781 0.250049
0.589802 0.334943
0.773632 0.165579
0.474106 0.1664
0.475853 0.17828
0.500954 0.167494
0.503705 0.199479
0.471866 0.193683
0.571931 0.227481
0.437617 0.331898
0.428199 0.425487
0.438231 0.327543
0.462607 0.404704
0.775556 0.177173
0.637796 0.340133
0.465344 0.321578
0.455741 0.324598
0.455891 0.32912
0.471768 0.325955
0.504575 0.31816
0.540678 0.315535
0.564902 0.316421
0.575535 0.317522
0.56457 0.16977
0.557288 0.375571
0.628003 0.324347
0.733576 0.242009
0.791593 0.194621
0.828838 0.166621
0.838094 0.159041
0.743853 0.243957
0.416745 0.256175
0.44213 0.415566
0.386201 0.260195
0.494699 0.206274
0.530291 0.18645
0.499344 0.203491
0.526946 0.188142
0.469186 0.219983
0.456794 0.226858
0.544785 0.391003
0.576141 0.35531
0.625414 0.305084
0.685435 0.249837
0.784204 0.158749
0.720717 0.215944
0.55358 0.399124
0.492116 0.456647
0.499767 0.443835
0.519501 0.417986
0.521683 0.413129
0.521221 0.41053
0.497342 0.420767
0.463107 0.439236
0.448355 0.447978
0.471005 0.414267
0.607075 0.255359
0.90244 0.013457
0.753864 0.005642
0.855578 0.100816
0.892349 0.071233
0.903864 0.052501
0.784367 0.122156
0.62964 0.365696
0.767064 0.228629
0.838111 0.157402
0.754646 0.242436
0.71707 0.221206
0.694142 0.238283
0.932412 0.023533
0.922384 0.057068
0.891571 0.094805
0.811798 0.178849
0.648673 0.343618
0.613732 0.37877
0.749813 0.24256
0.822169 0.169847
0.861388 0.130215
0.905546 0.084768
0.312872 0.273979
0.310253 0.288469
0.294835 0.266865
0.313896 0.285279
0.293309 0.256624
0.952478 0.010596
0.922095 0.069254
0.732481 0.264226
0.720397 0.277881
0.951062 0.042992
0.972831 0
0.497539 0.154067
0.303962 0.288656
0.327695 0.198756
0.287221 0.262921
0.409241 0.179678
0.505017 0.15349
0.553969 0.135934
0.492081 0.162567
0.31137 0.297577
0.33555 0.202315
0.332339 0.193751
0.327046 0.210711
0.33738 0.203668
0.5384 0.238873
0.675535 0.323327
0.640912 0.357951
0.706923 0.292203
0.902809 0.096653
0.836172 0.16332
0.906678 0.092346
0.862623 0.136284
0.807219 0.191596
0.801503 0.196839
0.798809 0.199201
0.690107 0.291368
0.496416 0.473742
0.543152 0.413668
0.676718 0.238411
0.720286 0.167532
0.739399 0.120252
0.755773 0.001271
0.756399 0
0.574847 0.121183
0.581365 0.12399
0.315728 0.225594
0.326863 0.201686
0.312849 0.243425
0.579569 0.329975
0.71541 0.220873
0.590148 0.319696
0.972437 0.004859
0.980498 0
0.984001 0
0.979041 0
0.978313 0
0.978199 0
0.998743 0
0.99287 0
0.994261 0
0.998936 0
0.998555 0
0.993397 0
0.999216 0
0.995306 0
0.995081 0
0.99928 0
0.999125 0
0.999296 0
0.993731 0
0.995497 0
1.00019 0
0.999371 0
0.999498 0
0.999456 0
0.698664 0.192334
0.608773 0.219518
0.595118 0.195531
0.575342 0.28186
0.772844 0.109375
0.77362 0.083419
0.871223 0.110653
0.826846 0.126713
0.682658 0.291273
0.695558 0.291357
0.860226 0.098014
0.829246 0.146352
0.818477 0.161885
0.868244 0.090824
0.678283 0.299849
0.689956 0.293166
0.546246 0.45027
0.528764 0.467394
0.841518 0.15719
0.921685 0.077639
0.985266 0
0.970568 0.008366
0.970572 0.008361
0.986758 0
0.983506 0
0.969413 0.010646
0.875951 0.087054
0.919216 0.057287
0.797484 0.195013
0.818223 0.161031
0.726792 0.149567
0.773244 0.123623
0.661825 0.301501
0.642838 0.300604
0.640896 0.315268
0.773263 0.132888
0.848216 0.120983
0.853364 0.106704
0.674086 0.294827
0.657565 0.313062
0.736599 0.243522
0.808939 0.189329
0.96551 0.018362
0.924718 0.07463
0.521962 0.473939
0.916763 0.082536
0.503334 0.492451
0.994854 0
0.992512 0
0.99515 0
0.799908 0.186426
0.788268 0.203418
0.920117 0.033336
0.90007 0.054985
0.716821 0.182851
0.655863 0.2521
0.513483 0.398214
0.548387 0.371826
0.771089 0.142341
0.537035 0.395266
0.798167 0.177244
0.836929 0.144549
0.5446 0.433317
0.594164 0.370867
0.786583 0.193206
0.906718 0.076812
0.821721 0.173445
0.940938 0.018285
0.952642 0.043542
0.950315 0.048297
0.763541 0.233959
0.732952 0.263245
0.82912 0.169201
0.941323 0.058072
0.812255 0.169741
0.883785 0.072675
0.887843 0.072215
0.8105 0.174676
0.80822 0.062388
0.749369 0.094774
0.554873 0.341881
0.738228 0.152285
0.601151 0.361876
0.722045 0.252898
0.739735 0.235135
0.593401 0.371614
0.731344 0.26461
0.953053 0.042742
0.92157 0.077244
0.735951 0.259509
0.82038 0.171373
0.916835 0.048359
0.941477 0.008888
0.841884 0.15313
0.781214 0.113424
0.645095 0.242399
0.498042 0.388783
0.644239 0.269945
0.786205 0.192444
0.511884 0.458012
0.803317 0.178688
0.905051 0.078886
0.947086 0.05232
0.766308 0.231567
0.891167 0.107627
0.928532 0.070552
0.998805 0
0.993849 0
0.994165 0
0.998715 0
0.78902 0.195935
0.855047 0.104591
0.839483 0.10272
0.762514 0.212445
0.692438 0.180442
0.534409 0.339225
0.667747 0.224501
0.673869 0.28934
0.731423 0.232152
0.542225 0.413639
0.495654 0.459168
0.78894 0.17875
0.894256 0.081362
0.932114 0.019041
0.826994 0.167205
0.916049 0.081947
0.952576 0.043009
0.761955 0.233612
0.710123 0.282127
0.890555 0.108152
0.977364 0
0.994799 0
0.998048 0
0.997664 0
0.989937 0
0.994211 0
0.998665 0
0.78158 0.191688
0.753306 0.217905
0.822262 0.121342
0.836414 0.115955
0.682727 0.225581
0.783804 0.078566
0.753364 0.108274
0.690144 0.233898
0.636529 0.30996
0.618382 0.34535
0.532146 0.435869
0.650029 0.299914
0.71167 0.279736
0.932001 0.066255
0.875211 0.121181
0.7038 0.286735
0.962403 0.023375
0.970695 0.007175
0.988737 0
0.992809 0
0.998169 0
0.999117 0
0.994906 0
0.993013 0
0.830493 0.162219
0.794101 0.189574
0.888695 0.067385
0.928434 0.026981
0.582658 0.346773
0.765546 0.131867
0.649515 0.265353
0.580602 0.327541
0.71305 0.256966
0.617707 0.336525
0.771632 0.204623
0.890411 0.090243
0.951832 0.044496
0.758743 0.236832
0.886461 0.111858
0.966014 0.016824
0.99521 0
0.999049 0
0.693938 0.283188
0.663292 0.315665
0.845276 0.129016
0.870777 0.105358
0.778219 0.115346
0.67646 0.218683
0.674463 0.259364
0.899105 0.083758
0.674408 0.305847
0.718512 0.160818
0.801831 0.110559
0.712277 0.223607
0.811372 0.174898
0.522559 0.473712
0.654165 0.343213
0.757937 0.232844
0.761137 0.237568
0.719727 0.27584
0.936665 0.062918
0.945994 0.053749
0.926091 0.073354
0.890849 0.039394
0.858467 0.099061
0.527879 0.45715
0.801088 0.176974
0.78373 0.187056
0.810175 0.171437
0.558751 0.435517
0.881568 0.117472
0.788673 0.209595
0.78335 0.214881
0.899688 0.09948
0.888281 0.11084
0.779 0.219277
0.924634 0.008531
0.965634 0
0.943953 0.007306
0.896544 0.026542
0.709337 0.135538
0.736458 0.120707
0.823743 0.083175
0.727956 0.127976
0.657081 0.247333
0.550986 0.236185
0.81542 0.069677
0.895359 0.008242
0.592679 0.229379
0.620403 0.289757
0.662823 0.259748
0.662149 0.277575
0.65146 0.290296
0.996956 0
0.986538 0
0.633825 0.352427
0.843293 0.076472
0.740933 0.099663
0.804084 0.109007
0.67237 0.268575
0.790466 0.15406
0.93325 0.065565
0.814789 0.181837
0.755472 0.172097
0.779047 0.157302
0.956872 0.02773
0.577316 0.408087
0.779831 0.124042
0.514264 0.4844
0.918407 0.080298
0.903567 0.096077
0.687201 0.300291
0.866559 0.065521
0.838306 0.068127
0.809207 0.150339
0.678777 0.281049
0.989678 0
0.71543 0.280482
0.774315 0.115194
0.493611 0.471704
0.967627 0
0.602285 0.392251
0.943396 0.052095
0.920724 0.078547
0.98036 0
0.989179 0
0.914587 0.050327
0.928454 0.039677
0.946936 0
0.952325 0
0.655524 0.138922
0.49098 0.465665
0.486505 0.479832
0.717079 0.125257
0.28566 0.264512
0.292977 0.261743
0.502378 0.237658
0.660465 0.178381
0.549343 0.177921
0.400174 0.207205
0.938935 0.057317
0.983587 0
0.982823 0
0.938714 0.058152
0.996053 0
0.995621 0
0.470702 0.269663
0.488435 0.276413
0.731654 0.174601
0.633967 0.234312
0.730517 0.236751
0.929415 0.047901
0.849602 0.112512
0.790499 0.17601
0.623215 0.212892
0.809596 0.118158
0.817631 0.16131
0.616143 0.371177
0.667933 0.320557
0.850981 0.125958
0.932033 0.047335
0.909261 0.071514
0.867015 0.119724
0.827486 0.158283
0.578857 0.416544
0.829978 0.149937
0.7554 0.231254
0.717265 0.279212
0.944149 0.055321
0.958447 0.032262
0.811016 0.181198
0.860137 0.098509
0.890294 0.070056
0.80246 0.185002
0.728553 0.262164
0.923631 0.051441
0.928951 0.06212
0.741477 0.251219
0.731254 0.25534
0.762796 0.22593
0.929755 0.069506
0.836552 0.161723
0.729159 0.267271
0.933686 0.065536
0.993608 0
0.990819 0
0.739493 0.160407
0.480679 0.438938
0.796134 0.155684
0.901503 0.059373
0.362009 0.321161
0.535884 0.282522
0.880339 0.060473
0.718367 0.192532
0.439977 0.291274
0.669021 0.170679
0.508072 0.261204
0.53199 0.253045
0.693449 0.119119
0.556189 0.346182
0.645693 0.15598
0.815882 0.128711
0.936568 0
0.951625 0
0.844015 0.105254
0.840557 0.099413
0.81829 0.130376
0.694617 0.173543
0.678768 0.2188
0.739699 0.104183
0.738997 0.098748
0.768496 0.108125
0.674878 0.162033
0.489566 0.487653
0.782631 0.08714
0.610564 0.216239
0.987592 0
0.948257 0.049927
0.996549 0
0.524064 0.226785
0.506765 0.351147
0.760373 0.089357
0.789246 0.183083
0.689164 0.269442
0.673883 0.095527
0.670331 0.135754
0.415517 0.25534
0.380725 0.305885
0.320325 0.25291
0.995481 0
0.995163 0
0.967043 0.012636
0.972311 0.003147
0.998337 0
0.998919 0
0.857002 0.064112
0.520712 0.468971
0.795463 0.198189
0.920901 0.033587
0.666064 0.191654
0.81945 0.122129
0.988823 0
0.62566 0.324495
0.873736 0.092984
0.90629 0.089431
0.947009 0.046972
0.933784 0.051157
0.487053 0.481225
0.773804 0.172559
0.751844 0.21559
0.694191 0.219444
0.989123 0
0.962396 0.023975
0.980515 0
0.996793 0
0.996641 0
0.980642 0
0.999449 0
0.999092 0
0.999235 0
0.819886 0.117181
0.894166 0.091504
0.884476 0.075344
0.648149 0.271709
0.573195 0.2593
0.995825 0
0.973709 0.001196
0.998549 0
0.327515 0.305092
0.609175 0.340749
0.63188 0.124084
0.307395 0.229556
0.993454 0
0.957292 0.030511
0.998703 0
0.51603 0.435176
0.626606 0.139498
0.335566 0.269636
0.33903 0.204506
0.990472 0
0.946543 0.05006
0.997709 0
0.79363 0.175319
0.807953 0.155868
0.496909 0.485334
0.59454 0.389568
0.831767 0.110609
0.812819 0.125926
0.847594 0.071371
0.856492 0.07413
0.867051 0.107814
0.815457 0.160446
0.925605 0.005795
0.874063 0.069908
0.880298 0.070406
0.92111 0.024997
0.805941 0.157972
0.770437 0.167544
0.861377 0.018148
0.869457 0.044388
0.900149 0.04278
0.888435 0.006766
0.801318 0.168097
0.803108 0.169562
0.836018 0.080552
0.863128 0.050451
0.878738 0.065213
0.863334 0.072338
0.815289 0.146866
0.811335 0.15265
0.62064 0.359607
0.600943 0.379786
0.847129 0.069666
0.80343 0.13003
0.807978 0.118302
0.850363 0.070414
0.80095 0.166598
0.855668 0.074835
0.820851 0.10011
0.567155 0.413195
0.467241 0.26911
0.939188 0.001159
0.720855 0.229836
0.690236 0.257978
0.998022 0
0.997147 0
0.998402 0
0.998945 0
0.995822 0
0.997405 0
0.999189 0
0.999332 0
0.99078 0
0.996527 0
0.99557 0
0.997971 0
0.999119 0
0.99788 0
0.998857 0
0.985694 0
0.938644 0.057331
0.995459 0
0.966686 0.016237
0.812247 0.186291
0.82468 0.168477
0.856898 0.112936
0.786269 0.202298
0.90091 0.07214
0.921187 0.026431
0.938609 0.012693
0.919916 0.033156
0.643686 0.304953
0.999324 0
0.998667 0
0.998706 0
0.999251 0
0.999149 0
0.990751 0
0.97993 0
0.981375 0
0.992876 0
0.991602 0
0.980849 0
0.99244 0
0.997867 0
0.995813 0
0.999016 0
0.998578 0
0.998181 0
0.971065 0.007391
0.936509 0.062932
0.981688 0
0.991423 0
0.985932 0
0.989002 0
0.996415 0
0.998082 0
0.99712 0
0.995358 0
0.98725 0
0.999308 0
0.998839 0
0.994122 0
0.998841 0
0.997971 0
0.99881 0
0.998041 0
0.998428 0
0.999075 0
0.998537 0
0.989327 0
0.966696 0.016075
0.974932 0
0.973222 0.003145
0.959276 0.03081
0.907781 0.091514
0.993802 0
0.996947 0
0.996104 0
0.998002 0
0.999241 0
0.999307 0
0.999188 0
0.998855 0
0.998905 0
0.999418 0
0.999344 0
0.919441 0.06532
0.972706 0
0.866952 0.104042
0.883653 0.077482
0.886123 0.060033
0.892839 0.061836
0.885352 0.058665
0.896822 0.074389
0.974765 0
0.975679 0
0.972113 0.004992
0.966919 0.014477
0.96249 0.023077
0.97104 0.006456
0.972966 0.002696
0.705631 0.292164
0.721399 0.276342
0.718576 0.278991
0.95893 0.031431
0.960533 0.028271
0.953502 0.04222
0.860382 0.064649
0.927765 0.043697
0.959521 0.004031
0.935966 0.008876
0.77975 0.133383
0.657998 0.267478
0.605845 0.30221
0.761865 0.148098
0.769219 0.162821
0.76254 0.149798
0.733479 0.161525
0.750194 0.188204
0.719897 0.19737
0.771105 0.156627
0.749236 0.151736
0.718417 0.194211
0.759631 0.152664
0.751272 0.132121
0.76738 0.109146
0.784071 0.149765
0.651492 0.224704
0.712717 0.177217
0.660602 0.195072
0.698276 0.194161
0.532226 0.438225
0.666014 0.31364
0.660238 0.327875
0.657289 0.331968
0.561986 0.418965
0.673272 0.289695
0.830067 0.148828
0.512787 0.45014
0.560241 0.272438
0.458614 0.240172
0.778524 0.078896
0.885345 0.005671
0.573235 0.367924
0.87143 0.068867
0.689203 0.208079
0.681992 0.135342
0.815026 0.158058
0.897386 0.053211
0.808684 0.17755
0.79634 0.189082
0.81022 0.17798
0.84181 0.150502
0.862434 0.132905
0.859289 0.138802
0.88944 0.109745
0.878011 0.121147
0.835617 0.162545
0.842592 0.153342
0.832534 0.159435
0.822508 0.166234
1 0
1 0
1 0
1 0
1 0
1 0
1 0
1 0
1 0
1 0
1 0
1 0
1 0
1 0
1 0
1 0
1 0
1 0
1 0
1 0
1 0
1 0
1 0
1 0
1 0
1 0
1 0
1 0
1 0
1 0
1 0
1 0
1 0
1 0
1 0
1 0
1 0
1 0
1 0
1 0
1 0
1 0
0.999999 0
1 0
1 0
1 0
1 0
1 0
1 0
1 0
1 0
1 0
1.00001 0
1.00001 0
1.00001 0
1.00001 0
1.00001 0
1.00001 0
1.00001 0
1.00001 0
1.00001 0
1 0
1 0
1 0
1 0
1 0
1 0
1 0
1 0
1 0
1 0
1.00001 0
1.00001 0
1.00001 0
1.00001 0
1.00001 0
1.00001 0
1 0
1 0
1 0
1 0
1.00001 0
1.00001 0
1.00001 0
1.00001 0
1.00001 0
1.00001 0
1 0
1 0
1 0
1 0
1.00001 0
1.00001 0
1.00001 0
1.00001 0
1.00001 0
1 0
1 0
1 0
1 0
1 0
1.00001 0
