44 0
44 0
44 0
44 0
44 0
44 0
50 0
50 0
50 0
50 0
50 0
50 0
50 0
50 0
50 0
50 0
50 0
50 0
50 0
50 0
50 0
50 0
50 0
50 0
18 15
18 15
18 15
18 15
18 15
18 15
18 15
18 15
18 15
18 15
18 15
18 15
18 15
18 15
18 15
18 15
18 15
18 15
18 15
18 15
18 15
18 15
18 15
18 15
18 15
18 15
18 17
18 17
18 17
18 17
18 15
18 15
18 17
18 17
18 15
18 15
18 15
18 15
18 15
18 15
18 15
18 15
18 15
18 15
18 15
18 15
18 15
18 15
18 15
18 15
18 15
18 15
18 15
18 15
18 15
18 15
18 15
18 15
18 15
18 15
18 15
18 15
18 15
18 15
18 15
18 15
18 15
18 15
18 15
18 15
18 15
18 15
18 15
18 15
18 15
18 15
18 15
18 15
18 15
18 15
18 15
18 15
18 15
18 15
18 15
18 17
18 15
18 15
18 15
18 15
18 15
18 15
18 15
18 15
18 15
18 15
18 15
18 15
18 17
18 17
18 17
18 17
18 17
18 15
18 15
18 17
18 17
18 17
18 15
18 15
18 15
18 15
18 15
18 15
18 15
18 15
18 15
18 15
18 15
18 15
18 15
18 15
18 15
18 15
18 15
18 15
18 15
18 15
18 15
18 15
18 15
18 15
18 15
18 15
18 15
18 15
18 17
18 15
18 15
18 15
18 15
18 15
18 15
18 15
18 15
10 9
10 9
10 9
10 9
10 9
10 9
10 9
10 9
10 9
10 0
10 9
10 9
10 9
10 9
10 9
10 9
10 9
10 0
10 0
10 9
10 9
10 9
10 9
10 9
8 9
8 9
8 9
8 9
9 8
9 8
9 8
9 8
9 10
9 10
9 10
9 10
10 9
10 9
9 10
9 10
9 8
9 8
9 8
9 8
8 9
8 9
8 9
8 9
9 8
9 8
9 8
9 8
9 10
9 10
9 0
9 0
10 9
10 9
9 0
9 0
9 8
8 9
8 9
9 8
8 9
8 9
9 8
9 8
9 10
9 0
10 9
9 8
8 9
9 8
8 9
8 9
9 8
9 8
9 10
9 0
9 10
10 9
9 8
9 8
9 8
8 9
8 9
9 8
9 8
9 10
9 10
9 10
9 8
9 8
9 8
8 9
8 9
8 9
8 9
9 8
9 8
9 8
9 8
9 10
9 10
9 10
9 10
10 9
10 9
9 10
9 8
9 8
8 9
8 9
9 8
8 9
8 9
9 8
9 8
9 10
9 10
9 10
9 10
10 9
10 9
9 10
8 9
9 8
9 10
10 9
9 10
10 9
8 9
8 9
8 9
8 9
9 8
9 8
9 8
9 8
10 9
9 10
9 10
10 9
9 8
9 8
9 8
9 8
9 0
10 0
9 0
8 9
8 9
9 8
9 8
9 8
9 8
9 10
9 10
10 9
10 9
9 8
9 8
9 8
9 8
9 10
9 10
9 10
9 10
10 9
9 8
9 8
9 8
9 8
9 8
9 8
8 9
8 9
10 9
10 9
10 9
10 9
10 9
10 9
10 9
10 9
10 0
10 9
10 9
10 9
10 9
10 9
10 9
10 9
10 9
10 9
10 9
10 9
10 9
10 9
10 9
10 9
10 9
10 9
10 9
10 0
10 9
10 0
10 9
10 9
10 9
10 9
10 9
10 9
10 9
10 9
10 9
10 9
10 9
10 9
10 9
10 9
10 9
10 9
10 9
10 9
10 0
10 0
10 0
10 0
10 0
10 0
10 0
10 9
10 9
10 9
10 0
10 0
10 9
10 9
10 9
10 9
10 9
10 9
10 9
10 9
10 9
10 9
10 9
10 9
10 9
10 9
10 9
10 9
10 9
10 9
10 9
10 9
10 9
10 9
10 9
10 9
10 9
10 9
10 9
10 9
10 9
10 9
10 9
10 9
10 9
10 9
10 9
10 9
10 9
10 9
10 9
10 9
10 9
10 9
10 9
10 9
10 9
9 8
40 41
41 40
41 40
40 41
41 54
54 41
41 54
41 54
51 52
51 52
51 52
51 52
52 53
52 53
52 51
52 51
52 51
52 51
53 52
53 52
53 52
53 52
53 52
53 0
53 0
53 0
53 0
53 0
52 53
52 51
52 51
52 53
51 52
51 48
51 48
51 52
51 52
51 52
52 53
52 51
52 51
52 51
52 51
53 52
53 52
53 52
52 53
52 53
53 52
53 0
53 0
53 0
49 48
49 50
49 50
49 48
51 48
48 51
48 51
51 48
48 51
51 48
49 48
49 48
49 48
48 49
48 49
49 48
49 48
49 50
50 49
50 49
50 49
50 49
50 49
50 49
49 48
49 48
49 50
49 50
48 45
48 51
48 51
48 45
49 48
49 48
48 49
48 49
50 49
50 49
50 49
50 49
49 48
49 48
49 50
49 50
48 45
48 45
48 45
48 45
48 49
48 49
49 48
49 48
50 49
50 49
50 49
50 49
47 0
47 0
47 0
47 0
46 45
46 45
46 47
46 47
45 48
45 48
45 48
45 46
46 45
45 46
45 46
45 46
46 45
46 45
46 47
47 46
47 46
47 46
46 47
47 46
47 46
47 0
47 0
47 0
47 0
47 0
47 0
46 45
46 47
46 47
46 45
45 42
45 48
45 42
42 45
45 46
45 46
45 46
45 46
47 46
47 46
46 47
46 47
47 46
47 46
47 46
47 0
47 0
47 0
47 0
47 0
46 45
46 47
46 47
46 45
45 42
45 42
45 42
42 45
45 46
45 46
45 46
46 45
47 46
46 47
47 46
47 46
47 0
47 0
43 42
43 42
43 42
43 42
42 45
42 45
42 45
43 42
43 42
42 45
42 43
42 43
44 43
44 43
44 43
44 43
44 43
44 43
44 0
44 0
44 0
42 43
42 45
43 42
42 43
42 43
44 43
43 44
44 43
44 43
44 43
44 43
44 43
44 43
51 48
51 0
51 41
51 48
51 41
51 41
51 48
48 51
48 51
51 41
41 51
41 48
48 45
41 42
41 42
42 41
42 41
47 0
47 0
46 45
46 47
45 48
45 48
45 46
46 45
47 46
47 46
42 45
42 45
43 42
43 42
42 45
44 43
44 43
44 0
49 48
49 50
48 51
48 49
49 48
50 49
50 0
51 52
51 52
52 53
52 51
52 51
53 0
53 52
53 0
42 41
42 41
42 0
42 0
55 56
55 56
55 54
55 54
41 51
54 41
54 41
51 41
54 55
54 55
56 55
56 55
56 55
56 55
56 0
56 0
40 41
41 54
41 54
40 41
54 41
54 41
41 54
41 54
41 54
54 41
40 41
41 40
41 54
40 41
43 42
43 42
43 42
43 42
42 43
42 43
42 43
42 43
44 43
43 44
44 43
44 43
44 0
44 0
52 51
52 51
52 53
52 53
51 52
51 52
51 52
51 52
51 52
52 51
53 52
53 52
53 52
53 52
53 0
53 0
41 42
41 42
41 42
41 42
42 45
42 41
45 42
45 42
45 41
45 42
48 51
48 41
48 51
51 48
51 41
51 48
51 41
51 0
51 48
51 48
51 48
41 42
41 42
41 45
41 48
41 51
41 51
55 56
55 54
54 55
56 55
56 55
56 0
41 54
40 41
54 41
55 56
55 56
55 54
55 54
41 51
41 54
54 41
55 41
56 55
56 0
56 0
56 0
56 0
56 0
55 56
55 56
55 54
55 54
54 41
54 55
54 41
54 0
55 56
55 56
55 54
55 54
54 55
54 55
54 55
54 55
56 55
56 55
56 0
56 0
56 55
56 55
56 0
56 0
56 0
55 54
55 56
41 54
41 54
54 41
56 0
56 0
56 0
51 41
55 56
55 54
55 54
56 0
56 55
56 0
55 56
55 54
51 41
55 54
56 0
56 55
56 0
40 41
41 40
41 40
40 41
41 40
41 42
41 42
41 40
40 41
41 40
41 40
40 41
41 40
41 42
41 0
41 40
40 41
41 40
41 40
40 41
41 40
41 54
41 54
41 48
41 40
41 40
40 41
40 41
41 40
41 42
41 42
41 40
40 41
41 40
41 40
40 41
41 42
41 42
41 40
41 40
41 40
41 40
41 42
40 41
54 41
41 54
41 42
41 42
9 10
10 9
10 9
10 9
10 9
10 9
10 9
38 15
38 39
38 39
38 15
38 39
38 39
38 39
38 39
38 39
38 39
38 39
38 39
38 39
38 39
39 40
39 40
39 40
39 40
39 0
39 40
39 40
39 0
39 40
39 40
39 40
39 40
40 39
40 39
40 0
40 0
11 12
11 1
11 1
11 12
11 1
11 1
11 1
11 1
1 7
1 7
1 7
1 7
7 1
7 1
7 1
7 1
8 7
8 7
8 7
8 0
8 7
8 7
8 7
8 7
8 7
8 7
8 7
8 7
8 0
8 0
7 8
7 8
8 7
8 7
8 7
7 8
7 8
8 7
7 0
7 1
7 1
7 0
7 3
7 3
7 3
7 3
7 1
7 1
7 1
7 1
7 1
7 1
7 1
7 1
7 1
7 1
7 1
8 0
8 0
8 7
8 7
8 7
8 7
8 7
8 0
8 0
7 1
7 0
7 1
7 1
7 1
7 1
7 1
7 1
7 1
11 12
11 12
11 12
11 1
7 8
7 8
7 8
8 7
7 8
8 0
8 0
8 0
8 0
8 0
8 0
8 0
8 0
7 1
1 7
1 7
8 7
8 7
8 7
8 7
39 38
39 38
39 38
39 38
39 38
39 38
40 39
40 0
40 0
40 39
40 39
40 0
40 0
40 39
40 39
40 39
40 39
40 39
40 39
40 39
40 0
40 0
40 39
40 0
40 0
40 39
38 13
38 13
38 13
7 8
8 7
8 0
8 0
8 0
8 0
8 0
8 0
8 0
8 0
8 0
39 0
39 0
39 0
39 0
39 40
39 40
39 40
39 40
39 40
39 40
7 0
7 0
7 0
7 0
8 0
12 11
12 11
12 11
12 11
38 39
38 39
38 39
39 38
39 40
39 0
39 0
39 40
38 39
38 39
38 39
38 39
38 39
11 12
11 12
11 12
11 12
38 39
38 39
38 39
38 39
39 40
39 40
39 40
39 40
39 40
39 40
39 38
39 38
11 12
11 12
7 1
7 1
7 0
7 0
8 7
8 7
8 7
7 8
7 8
7 8
7 8
7 8
7 8
8 0
7 1
7 1
7 1
7 0
7 0
7 0
7 0
7 1
7 1
7 1
7 1
7 1
7 1
7 1
7 1
7 1
7 1
7 1
7 1
12 11
12 11
12 11
12 11
7 8
7 8
7 8
7 8
7 8
7 8
7 1
7 8
7 8
7 8
7 8
1 7
1 7
11 1
7 1
7 1
8 0
8 7
8 7
8 0
8 7
8 7
8 0
8 9
8 0
8 0
8 7
8 7
8 7
8 7
8 7
8 7
8 7
8 7
7 8
8 7
7 8
7 8
12 11
12 11
12 38
12 38
12 38
12 38
39 0
39 38
39 0
39 40
39 38
39 38
39 38
39 38
39 0
39 40
39 40
40 39
40 39
39 40
40 39
40 39
40 0
40 0
40 39
40 0
40 39
40 39
40 39
40 39
40 41
40 41
40 41
40 41
40 41
40 41
40 41
39 40
40 39
40 39
39 40
8 0
7 8
8 7
8 0
8 0
8 0
11 1
39 38
39 38
39 38
39 38
40 39
39 40
40 39
40 0
38 39
38 39
38 39
38 39
7 0
7 8
7 8
7 0
7 0
7 8
8 7
8 7
8 7
8 7
7 1
7 1
7 1
38 15
38 15
38 15
38 15
7 1
7 3
1 7
1 7
1 7
1 7
1 2
1 2
11 1
11 1
12 13
12 13
12 11
12 11
12 11
12 13
11 1
11 1
1 2
1 2
39 38
38 39
39 38
39 38
39 38
39 38
11 1
1 2
13 38
38 13
13 38
13 38
11 12
11 12
11 12
11 12
7 3
7 3
7 0
7 0
7 8
7 8
40 41
40 41
40 41
40 41
40 0
40 41
12 11
12 11
12 38
12 38
38 13
38 15
38 15
38 15
15 38
15 38
38 13
38 13
38 13
38 13
38 13
12 13
12 13
13 12
13 12
38 39
38 39
11 1
11 1
11 1
11 1
11 12
11 12
38 39
38 39
38 39
38 13
38 13
12 11
12 11
12 13
12 38
11 12
11 12
11 12
38 13
38 12
12 38
12 13
11 12
11 12
38 39
38 39
38 15
40 41
40 41
40 41
40 41
40 41
40 41
40 39
40 39
40 39
40 39
38 39
38 39
38 39
38 39
38 39
38 39
38 39
38 39
38 39
38 39
11 1
11 1
1 7
7 1
1 7
1 7
1 7
1 7
7 1
1 7
7 1
7 1
1 7
7 1
7 1
11 1
1 2
38 13
38 13
11 1
11 12
11 1
11 1
11 1
11 1
11 1
1 7
1 2
1 2
13 12
12 13
7 1
1 7
11 12
11 12
11 12
11 12
11 12
7 1
7 1
7 1
7 3
1 7
1 7
12 13
12 13
12 13
12 38
12 11
12 11
12 11
12 11
12 11
12 11
12 11
12 11
12 11
12 11
12 11
12 11
12 11
12 11
12 11
12 11
39 38
39 38
39 38
39 38
12 11
12 11
12 11
12 11
12 11
12 11
11 12
12 13
12 11
12 11
12 11
12 11
12 11
12 11
12 11
12 11
12 38
1 7
1 7
1 7
1 7
18 15
18 15
15 18
15 18
18 15
18 15
18 15
18 15
15 18
15 38
15 18
15 18
18 17
18 17
18 17
18 15
18 15
18 15
15 18
18 15
18 15
15 18
18 15
18 15
15 18
15 18
15 18
15 18
15 18
15 18
15 18
15 18
15 18
15 18
15 18
15 18
15 18
15 18
15 18
15 18
15 18
15 18
15 18
15 18
15 18
15 18
15 18
15 18
15 18
15 17
15 17
15 17
15 17
15 18
15 18
15 17
15 17
15 17
15 17
15 17
15 17
15 17
15 17
15 18
15 18
15 18
15 18
15 17
15 17
15 17
15 17
15 17
15 17
15 17
15 17
15 17
15 17
15 17
15 17
15 17
15 17
15 17
15 18
15 18
15 18
15 18
15 18
15 18
15 18
15 18
15 18
15 18
15 18
15 18
15 18
15 18
15 17
15 17
15 17
15 17
15 18
15 18
15 18
15 18
15 18
15 18
15 18
18 15
18 15
18 15
18 15
15 18
15 18
15 18
15 18
15 18
15 18
15 18
15 18
15 18
15 18
15 18
18 15
18 15
18 15
18 15
18 15
18 15
18 15
18 15
18 15
15 18
15 18
15 18
15 18
15 18
15 18
15 18
15 18
18 15
18 15
18 15
18 15
15 38
15 38
15 18
15 18
18 17
18 17
18 17
18 17
18 15
18 15
18 17
18 17
17 18
18 17
18 17
18 17
18 17
18 17
15 18
15 18
15 18
18 15
18 15
15 18
18 15
18 15
18 15
18 15
18 15
18 17
18 17
18 17
18 17
18 15
18 15
18 15
18 15
18 15
18 15
18 15
18 15
15 18
15 18
15 18
15 18
15 18
15 18
18 15
18 15
15 18
15 18
15 18
15 18
15 18
15 18
15 18
15 18
15 18
15 18
18 15
18 15
15 18
15 18
18 15
18 15
18 15
18 15
18 15
18 15
15 18
15 18
18 15
18 15
18 15
18 15
18 15
18 15
18 15
18 15
18 15
18 15
15 18
18 15
18 15
18 15
18 15
18 15
15 18
15 18
15 18
18 15
18 15
18 15
18 15
18 15
18 15
18 15
18 15
18 15
18 15
18 15
18 15
18 15
18 15
18 15
15 18
15 18
15 18
15 18
15 18
15 18
15 18
18 15
18 15
15 18
15 18
18 15
18 15
18 15
18 15
18 15
18 15
18 15
15 18
15 18
15 18
15 18
18 15
18 15
18 15
15 18
15 18
15 18
15 18
15 18
15 18
15 18
15 18
15 18
15 18
15 18
15 18
15 18
18 15
18 15
18 15
18 15
18 15
18 15
18 15
18 15
18 15
18 15
18 15
18 15
18 15
15 18
15 18
15 18
18 15
18 15
18 15
18 15
17 18
17 18
18 17
18 17
18 17
15 18
18 17
18 17
18 15
15 18
18 15
18 15
18 15
18 15
18 15
15 18
18 15
18 15
18 15
18 15
18 15
18 15
18 15
18 15
18 15
18 15
18 15
18 15
18 15
18 15
18 15
18 15
15 18
18 15
15 18
15 18
15 18
15 18
17 18
18 17
18 17
18 17
18 17
18 17
18 17
18 17
15 18
15 18
15 18
15 18
15 18
15 18
15 18
15 18
15 18
15 18
15 18
15 18
15 18
15 18
15 18
15 18
15 18
15 18
15 18
15 18
15 18
15 18
15 18
15 18
15 18
15 18
15 18
15 18
15 18
15 18
15 18
15 18
15 18
15 18
15 18
15 18
15 18
15 18
15 18
15 17
15 17
15 17
15 17
15 17
15 17
15 17
15 17
15 17
15 17
15 17
15 17
15 18
15 18
15 18
15 18
15 18
15 18
15 18
15 18
15 18
15 18
15 18
15 18
15 38
15 38
38 15
15 38
39 38
38 39
38 39
38 39
38 13
38 39
38 39
38 39
39 38
39 38
39 38
39 38
39 38
39 38
15 38
38 15
38 15
38 15
38 15
38 15
38 13
38 13
38 15
38 15
15 38
38 15
38 15
15 38
15 38
15 38
15 38
15 18
18 15
18 15
38 15
38 15
15 38
15 38
15 18
18 15
18 15
18 15
18 15
18 17
18 15
11 1
11 1
1 2
1 7
12 11
12 11
12 11
38 39
38 39
39 38
39 38
38 12
38 12
7 3
7 3
39 38
39 38
39 40
40 39
40 39
40 0
40 41
12 11
12 11
1 2
1 2
7 3
7 3
7 3
18 17
18 17
18 17
18 17
18 17
18 17
18 17
18 17
18 17
18 17
18 17
18 17
18 17
18 17
18 15
18 15
18 15
15 18
15 18
15 18
15 18
56 0
56 0
56 0
56 0
56 0
56 0
12 11
12 11
12 11
12 11
12 11
12 11
12 11
12 11
12 11
12 11
12 11
12 11
12 11
12 11
12 11
38 15
38 15
38 39
38 39
38 12
38 12
38 39
38 39
12 38
12 13
12 38
38 12
38 13
12 13
12 13
12 13
12 13
12 11
12 11
12 11
12 11
12 11
12 11
12 11
12 11
12 11
12 11
12 11
18 17
18 17
18 17
18 17
15 18
15 18
18 17
18 17
18 17
18 17
18 17
8 0
8 0
8 0
8 7
8 7
7 8
8 7
7 0
7 8
7 8
7 0
7 1
7 1
7 1
7 1
7 1
7 1
7 1
1 2
1 2
1 2
1 2
1 2
1 7
7 1
1 11
1 2
1 2
1 2
1 2
13 38
13 38
13 38
13 38
13 38
13 38
12 13
12 13
12 13
12 13
12 11
12 11
9 0
1 3
1 3
7 3
1 3
1 2
1 7
1 7
7 1
1 7
1 3
1 7
1 2
1 2
12 11
12 11
11 12
11 12
13 38
38 13
38 14
13 38
38 13
38 15
15 38
15 38
38 15
15 38
15 38
15 18
15 18
7 3
10 9
10 9
10 9
10 9
8 9
8 0
8 0
8 0
8 7
7 8
7 8
7 8
7 8
7 8
7 8
7 8
7 8
7 8
11 1
11 1
11 1
11 1
11 1
11 1
7 0
7 0
7 0
7 0
7 0
7 8
7 8
7 8
7 8
7 0
7 0
47 0
47 0
53 0
53 0
53 0
53 0
53 0
53 0
53 0
56 55
56 55
56 0
44 0
44 43
44 43
43 44
43 42
42 43
42 45
42 45
42 41
42 41
40 0
40 0
40 39
40 39
40 39
39 40
39 40
40 39
39 40
39 40
39 40
39 38
39 38
39 38
38 39
38 39
38 39
38 13
38 13
13 38
13 12
56 0
56 0
56 0
56 0
56 0
18 15
18 15
18 15
18 15
18 15
18 15
18 15
15 18
15 18
15 18
18 15
18 15
15 18
18 15
15 18
15 18
15 18
15 18
15 18
15 18
15 18
15 18
15 18
15 18
15 18
18 15
15 18
15 18
18 17
15 18
18 17
18 17
18 15
18 15
15 18
15 18
15 18
15 18
15 18
15 18
18 17
18 17
18 17
18 17
18 15
18 15
18 15
18 15
18 17
18 15
15 18
15 18
15 18
15 18
12 13
12 11
12 13
12 13
12 11
12 11
12 11
12 11
12 11
12 11
12 11
12 11
12 13
12 13
15 18
15 18
15 18
15 18
15 18
15 18
15 18
15 18
15 18
15 18
15 18
15 18
15 18
15 18
15 18
15 18
15 18
15 18
15 18
18 17
18 15
18 17
15 18
15 17
15 18
15 18
15 18
15 17
15 18
15 17
15 17
15 17
15 17
15 17
15 17
15 17
15 17
15 17
15 17
15 17
15 17
15 17
15 17
15 17
15 17
15 17
15 17
15 17
15 17
15 18
15 18
15 18
15 18
15 18
15 18
18 15
18 15
18 15
18 15
18 15
15 18
15 18
15 18
15 18
15 18
15 18
15 18
15 18
18 17
18 17
15 18
15 18
15 0
15 0
15 0
15 18
15 0
15 18
15 18
15 18
15 18
15 18
15 18
15 18
15 18
15 38
15 18
15 38
15 38
15 18
15 38
15 18
15 38
18 15
15 18
15 38
15 18
18 15
15 38
15 38
15 38
15 38
15 38
15 38
15 38
15 38
15 0
15 0
18 15
18 15
18 17
18 17
15 18
18 15
18 15
18 15
50 0
50 0
50 0
50 0
50 0
50 0
53 0
53 0
53 0
53 0
53 0
53 0
44 0
44 0
44 0
44 0
44 0
44 0
53 0
53 0
53 0
53 0
53 0
50 0
50 0
50 0
50 0
50 0
50 0
47 0
47 0
47 0
47 0
47 46
44 0
44 0
44 0
44 0
44 43
56 0
56 0
56 0
56 0
56 0
56 0
56 0
56 0
56 0
56 0
56 0
38 15
38 15
7 0
7 1
7 1
7 1
7 1
7 1
11 12
11 12
11 12
11 12
11 12
11 12
11 12
12 11
12 11
11 12
11 12
12 11
12 11
13 38
15 18
15 18
43 44
43 44
43 44
43 44
43 44
43 44
43 44
43 44
50 49
50 0
50 49
47 46
47 46
47 46
47 46
44 43
44 43
44 43
53 52
53 52
53 52
7 3
7 3
7 3
7 3
1 7
1 7
1 3
1 3
1 3
1 3
1 2
1 2
11 1
11 1
11 12
11 12
12 13
12 11
12 13
13 12
13 12
13 38
13 38
38 19
13 38
38 19
38 15
15 38
15 38
15 38
15 18
15 18
18 15
18 15
18 15
18 15
18 15
18 15
18 15
18 16
18 16
18 16
18 16
18 17
18 16
18 15
18 15
15 18
15 18
15 18
15 18
15 18
15 18
15 18
15 18
15 38
18 15
18 15
18 15
18 15
18 15
18 15
18 15
18 15
18 15
18 15
18 15
18 15
18 15
18 15
18 15
18 15
18 15
18 15
18 15
18 15
18 15
18 15
18 15
18 15
18 15
18 15
18 15
18 15
11 12
11 1
13 12
13 12
12 13
12 13
12 13
13 12
38 13
38 13
38 13
40 39
39 40
12 38
12 38
12 38
38 12
12 11
11 12
39 38
51 52
51 52
51 52
51 0
51 48
51 48
51 48
51 48
48 49
48 49
48 45
48 49
48 49
48 51
48 49
48 49
45 46
45 42
45 42
45 46
45 46
45 48
45 48
45 46
42 43
42 43
42 43
42 43
42 43
42 43
42 43
42 43
15 18
15 18
15 18
15 18
15 18
15 18
15 18
15 18
15 18
15 18
15 18
15 18
15 18
18 15
18 17
12 38
38 12
38 12
12 38
12 11
12 38
7 8
7 8
7 8
11 12
12 11
11 12
11 12
11 12
11 12
11 12
11 12
11 1
11 1
11 1
11 1
38 39
38 39
38 39
12 11
12 11
12 11
12 11
12 11
38 12
12 38
38 39
39 38
39 38
39 38
39 38
39 38
39 38
39 38
39 38
39 38
39 38
39 38
39 38
39 38
39 38
39 38
39 38
39 38
12 11
12 11
38 12
38 39
38 13
13 12
12 13
39 38
38 39
45 48
41 45
41 45
41 45
38 39
42 41
42 45
42 45
45 42
40 41
41 40
41 40
56 55
56 55
56 55
56 55
56 55
56 55
56 55
56 55
56 55
56 55
56 55
56 55
12 11
12 11
12 11
12 11
12 11
12 11
12 11
12 11
12 11
13 12
13 12
39 38
39 38
39 38
39 38
39 38
39 38
39 38
13 12
39 38
38 13
11 1
11 1
11 1
11 1
11 1
11 1
11 1
11 1
11 1
18 15
18 15
18 15
18 15
18 15
18 15
15 18
15 18
18 15
18 15
18 15
18 15
18 15
18 15
15 18
15 18
15 18
15 0
15 38
18 15
18 15
18 15
38 15
38 15
39 38
39 38
39 38
39 40
18 15
38 39
38 39
38 39
38 39
38 39
39 38
39 38
39 38
39 38
39 38
18 17
18 17
18 17
18 17
18 15
39 38
39 40
39 40
40 39
40 39
40 0
15 14
15 14
14 38
13 14
13 14
13 38
13 38
13 12
15 14
15 14
14 15
14 13
14 13
13 14
13 19
13 19
15 18
15 14
15 14
39 40
39 40
39 40
39 40
39 40
39 40
39 40
39 40
39 40
14 15
18 15
15 18
15 14
15 14
15 14
15 14
18 15
14 15
39 38
39 38
38 39
38 39
38 39
38 39
15 38
15 38
15 0
18 16
18 16
18 15
18 15
18 16
18 16
18 16
18 16
18 16
18 16
18 16
18 16
18 16
18 16
18 16
18 16
18 16
18 16
18 16
18 16
18 16
18 16
18 16
18 16
18 16
18 16
18 16
18 16
18 16
18 16
18 16
18 16
18 16
18 16
18 15
18 15
18 15
18 15
18 15
18 15
18 15
18 15
18 15
18 15
18 15
18 15
18 15
18 15
18 15
18 15
18 15
18 15
18 15
18 15
18 15
18 15
18 15
18 15
18 15
18 15
18 15
18 15
18 15
18 15
18 15
18 15
18 15
18 15
18 15
18 15
18 15
18 15
18 15
18 15
18 15
18 15
18 15
18 16
18 16
18 16
18 16
18 16
18 15
18 15
18 16
18 16
18 16
18 15
18 15
18 15
18 15
18 15
18 16
18 15
18 15
18 15
18 16
18 15
18 16
18 16
18 16
18 16
18 16
18 15
18 15
18 16
18 15
18 15
18 15
18 15
18 15
18 15
18 15
18 15
18 15
18 15
18 15
18 15
18 15
18 15
18 16
18 15
18 15
18 15
18 15
18 15
18 15
18 15
18 15
18 16
18 16
18 15
18 15
18 15
18 16
18 16
18 16
18 15
18 15
18 15
18 15
18 15
18 15
6 5
6 5
6 5
6 5
6 5
6 5
6 5
6 5
6 5
6 5
6 5
6 0
6 5
6 5
6 5
6 5
6 5
6 5
6 0
6 0
6 5
6 5
6 5
6 5
4 5
4 5
4 5
4 5
5 4
5 4
5 4
5 4
5 6
5 6
5 6
5 6
6 5
6 5
5 6
5 6
5 4
5 4
5 4
5 4
4 5
4 5
4 5
4 5
5 4
5 4
5 4
5 4
5 6
5 0
5 0
5 6
6 0
6 0
6 5
5 0
5 0
4 5
4 5
5 4
5 4
4 5
4 5
5 4
5 4
5 6
5 0
6 0
6 5
6 5
5 4
4 5
5 4
4 5
4 5
5 4
5 4
5 6
5 0
6 5
6 5
5 4
5 4
5 4
4 5
4 5
5 4
5 4
5 6
5 6
5 6
5 6
5 4
5 4
5 4
4 5
4 5
4 5
4 5
5 4
5 4
5 4
5 4
5 6
5 6
5 6
5 6
6 5
6 5
5 6
5 6
4 5
4 5
5 4
5 4
4 5
4 5
5 4
5 4
5 6
5 6
5 6
6 5
5 6
6 5
5 6
4 5
5 4
5 6
6 5
6 5
5 6
4 5
4 5
4 5
4 5
5 4
5 4
5 4
5 4
5 6
5 6
6 5
6 5
5 4
5 4
5 4
5 4
5 0
6 0
5 0
4 5
4 5
5 4
5 4
5 4
5 4
5 6
5 6
6 5
6 5
5 4
5 4
5 4
5 4
5 6
5 6
5 6
5 6
6 5
5 6
5 6
5 4
5 4
5 4
5 4
4 5
4 5
6 5
6 5
6 5
6 5
6 5
6 5
6 5
6 5
6 5
6 5
6 5
6 5
6 5
6 5
6 5
6 5
6 5
6 5
6 5
6 5
6 5
6 5
6 5
6 5
6 5
6 0
6 5
6 0
6 5
6 0
6 5
6 5
6 5
6 5
6 5
6 5
6 5
6 5
6 5
6 5
6 5
6 5
6 5
6 5
6 5
6 5
6 5
6 0
6 0
6 0
6 0
6 0
6 0
6 5
6 5
6 5
6 0
6 5
6 5
6 5
6 5
6 5
6 5
6 5
6 5
6 5
6 5
6 5
6 5
6 5
6 5
6 5
6 5
6 5
6 5
6 5
6 5
6 5
6 5
6 5
6 5
6 5
6 5
6 5
6 5
6 5
6 5
6 5
6 5
6 5
6 5
6 5
6 5
6 5
6 5
6 5
6 5
6 5
6 5
6 5
6 5
5 4
5 6
6 5
6 5
6 5
6 5
6 5
6 5
19 15
19 15
19 20
19 20
19 20
19 20
19 20
19 20
19 20
19 20
19 20
19 20
19 20
19 20
20 21
20 21
20 21
20 21
20 21
20 21
20 0
20 0
20 21
20 21
20 21
20 21
21 20
21 0
21 0
21 20
11 1
11 1
11 12
11 12
11 1
11 1
11 1
11 1
1 3
1 3
1 3
1 3
3 1
3 1
3 1
3 1
4 3
4 3
4 3
4 3
4 3
4 0
4 3
4 3
4 3
4 3
4 3
4 3
4 0
4 0
3 4
4 3
4 3
3 4
3 4
4 3
3 4
4 3
3 1
3 1
3 0
3 0
3 7
3 7
3 7
3 7
3 1
3 1
3 1
3 1
3 1
3 1
3 1
3 1
3 1
3 1
3 1
4 0
4 0
4 3
4 3
4 3
4 3
4 3
4 0
4 0
3 1
3 0
3 1
3 1
3 1
3 1
3 1
3 1
3 1
11 12
11 12
11 12
11 12
3 4
3 4
4 3
3 4
3 4
4 0
4 0
4 0
4 0
4 0
4 0
4 0
4 0
3 1
1 3
1 3
4 3
4 3
4 3
4 3
20 19
20 19
20 19
20 19
20 19
20 19
21 20
21 20
21 0
21 0
21 20
21 20
21 0
21 0
21 20
21 20
21 20
21 20
21 20
21 20
21 0
21 0
21 20
21 0
21 0
21 20
21 20
19 13
19 13
19 13
3 4
4 3
4 0
4 0
4 0
4 0
4 0
4 0
4 0
4 0
4 0
20 0
20 0
20 0
20 0
20 21
20 21
20 21
20 21
20 21
20 21
3 0
3 0
3 0
3 0
4 0
12 11
12 11
19 20
19 20
19 20
20 19
20 21
20 21
20 0
20 0
19 20
19 20
19 20
19 20
19 20
11 12
11 12
19 20
19 20
19 20
19 20
20 21
20 21
20 21
20 21
20 21
20 21
20 19
20 19
11 12
11 12
3 0
3 1
3 1
3 0
4 3
4 3
4 3
3 4
3 4
3 4
3 4
3 4
3 4
4 0
3 1
3 1
3 1
3 0
3 0
3 0
3 0
3 1
3 1
3 1
3 1
3 1
3 1
3 1
3 1
3 1
3 1
3 1
3 1
12 11
12 11
12 11
12 11
3 4
3 4
3 4
3 4
3 4
3 4
3 4
3 1
3 4
3 4
3 4
1 3
1 3
11 1
3 1
3 1
4 0
4 3
4 3
4 0
4 3
4 3
4 0
4 5
4 0
4 0
4 3
4 3
4 3
4 3
4 3
4 3
4 3
4 3
4 3
3 4
3 4
3 4
12 11
12 19
12 19
12 11
12 19
12 19
20 19
20 0
20 0
20 21
20 19
20 19
20 19
20 19
20 21
20 0
21 20
21 20
21 20
21 20
20 21
20 21
21 0
21 0
21 20
21 0
21 20
21 20
21 20
21 22
21 22
21 22
21 22
21 22
21 22
21 22
21 20
21 20
20 21
20 21
4 0
3 4
4 3
4 0
4 0
4 0
11 1
20 19
20 19
20 19
20 19
21 20
21 20
20 21
21 0
19 20
19 20
19 20
19 20
3 4
3 4
3 0
3 0
3 4
3 0
4 3
4 3
4 3
4 3
3 1
3 1
3 1
19 15
19 15
19 15
19 15
3 1
3 7
1 3
1 3
1 3
1 3
1 2
11 1
11 1
1 2
12 13
12 11
12 11
12 13
12 11
12 13
1 2
11 1
11 1
1 2
19 20
20 19
20 19
20 19
20 19
20 19
11 1
1 2
13 19
13 19
13 19
19 13
11 12
11 12
11 12
11 12
3 7
3 7
3 0
3 0
3 4
3 4
21 22
21 22
21 22
21 22
21 0
21 22
12 19
12 11
12 11
12 19
19 15
19 13
19 15
15 19
15 19
19 15
19 13
19 13
19 13
19 13
19 13
12 13
13 12
13 12
12 13
19 20
19 20
11 1
11 1
11 12
11 1
11 12
11 12
19 20
19 20
19 20
19 13
19 13
12 13
12 11
12 11
12 19
11 12
11 12
11 12
19 13
12 13
12 19
19 12
11 12
11 12
19 20
19 20
19 15
21 22
21 22
21 22
21 22
21 22
21 22
21 22
21 22
21 22
21 22
21 22
21 22
21 22
21 22
21 22
21 22
21 22
21 22
21 22
21 20
21 20
21 20
21 20
19 20
19 20
19 20
19 20
19 20
19 20
19 20
19 20
19 20
19 20
1 11
11 1
1 3
3 1
1 3
1 3
1 3
1 3
3 1
1 3
3 1
3 1
1 3
3 1
3 1
1 2
11 1
19 13
19 13
11 1
11 1
11 12
11 1
11 1
11 1
11 1
1 3
1 2
1 2
12 13
13 12
3 1
1 3
11 12
11 12
11 12
11 12
11 12
3 1
3 1
3 1
3 7
1 3
1 3
12 19
12 19
12 19
12 13
12 11
12 11
12 11
12 11
12 11
12 11
12 11
12 11
12 11
12 11
12 11
12 11
12 11
12 11
12 11
12 11
20 19
20 19
20 19
20 19
12 11
12 11
12 11
12 11
12 11
12 11
11 12
12 11
12 13
12 11
12 11
12 11
12 11
12 11
12 19
12 19
12 11
1 3
1 3
1 3
1 3
18 16
15 18
15 18
18 15
18 15
18 15
18 15
18 15
15 18
15 19
15 18
15 18
18 16
18 16
18 16
18 15
18 15
18 15
15 18
15 18
18 16
18 15
18 15
18 15
15 18
15 18
15 18
15 18
15 18
15 18
15 18
15 18
15 18
15 18
15 18
15 18
15 18
15 18
15 18
15 18
15 16
15 16
15 16
15 16
15 16
15 16
15 16
15 16
15 16
15 16
15 16
15 16
15 16
15 16
15 16
15 16
15 16
15 18
15 18
15 16
15 18
15 18
15 16
15 16
15 16
15 16
15 16
15 16
15 16
15 16
15 16
15 16
15 16
15 16
15 16
15 16
15 16
15 18
15 16
15 16
15 16
15 18
15 18
15 18
15 18
15 18
15 18
15 18
15 18
15 18
15 16
15 16
15 16
15 16
15 16
15 18
15 18
15 18
15 18
15 18
15 18
18 15
18 15
15 18
18 15
18 15
15 18
15 18
15 18
15 18
15 18
15 18
15 18
15 18
18 15
18 15
18 15
18 15
18 15
18 15
15 18
15 18
15 18
15 18
15 18
15 18
15 18
15 18
18 15
18 15
18 15
18 15
15 18
15 19
15 19
15 18
18 16
18 16
18 16
18 16
18 15
18 15
18 16
16 18
16 18
16 18
18 16
18 16
18 16
18 16
15 18
15 18
15 16
16 15
16 18
16 18
18 15
18 15
18 15
18 15
18 15
18 16
18 16
18 16
18 16
18 15
18 15
18 15
18 15
18 15
18 15
18 15
18 15
15 18
15 18
15 18
15 18
15 16
15 16
18 15
15 18
15 18
18 15
15 18
15 18
15 18
15 18
15 18
15 18
15 18
15 18
18 15
18 15
18 15
18 15
15 18
15 18
15 18
18 15
18 15
15 18
18 15
18 15
18 15
18 15
18 15
18 15
18 15
18 15
18 15
18 15
18 15
18 15
18 15
18 15
18 15
18 15
15 18
15 18
15 18
18 15
18 15
18 15
18 15
18 15
18 15
18 15
18 15
18 15
18 15
18 15
18 15
18 15
18 15
15 18
15 18
15 18
15 18
15 18
15 18
15 18
15 18
15 18
18 15
18 15
15 18
18 15
18 15
18 15
18 15
15 18
15 18
15 18
15 18
18 15
18 15
15 18
15 18
15 18
15 18
15 18
15 18
15 18
15 18
15 18
15 18
15 18
18 15
18 15
18 15
18 15
18 15
18 15
18 15
18 15
18 15
18 15
18 15
15 18
15 18
15 18
18 15
18 16
18 16
18 15
16 18
16 18
18 16
16 18
16 18
16 18
16 18
16 18
18 15
15 18
18 15
18 15
18 15
18 15
15 18
18 15
18 15
18 15
18 15
18 15
18 15
18 15
18 15
18 15
18 15
18 15
18 15
18 15
18 16
18 15
18 15
18 15
15 18
18 15
15 18
15 18
18 15
15 18
16 18
16 18
18 16
18 16
18 16
18 16
18 16
18 16
15 18
15 18
15 18
15 18
15 18
15 18
15 18
15 18
15 18
15 18
15 18
15 18
15 18
15 18
15 18
15 18
15 18
15 18
15 18
15 18
15 18
15 18
15 18
15 18
15 18
15 18
15 18
15 18
15 18
15 18
15 18
15 18
15 18
15 18
15 16
15 16
15 16
15 16
15 16
15 16
15 16
15 16
15 16
15 16
15 16
15 16
15 16
15 18
15 18
15 18
15 18
15 18
15 18
15 18
15 18
15 19
15 19
19 15
15 19
19 20
20 19
19 20
19 20
19 13
19 20
20 19
19 20
19 20
20 19
20 19
20 19
20 19
19 15
15 19
19 15
19 15
19 15
19 15
19 13
19 13
19 15
19 15
15 19
15 19
19 15
19 15
15 19
15 19
15 18
15 19
18 15
18 15
19 15
15 19
19 15
15 18
15 19
18 15
18 15
18 15
18 15
18 16
18 16
11 1
11 1
1 2
1 3
12 11
12 11
12 11
20 19
19 20
19 20
19 20
19 12
19 12
3 7
3 7
20 19
20 19
20 21
21 20
21 20
21 0
21 22
21 22
12 11
12 11
1 2
1 2
3 7
3 7
3 7
21 22
21 22
18 16
18 16
18 16
18 16
18 16
16 18
18 16
18 16
18 16
18 16
18 16
18 16
18 16
18 16
18 16
18 16
18 16
18 15
18 15
15 18
15 18
15 18
15 16
21 22
12 11
12 11
12 11
12 11
12 11
12 11
12 11
12 11
12 11
12 11
12 11
12 11
12 11
12 11
12 11
12 11
19 15
19 15
19 20
19 12
19 12
19 20
19 20
19 20
12 19
19 12
12 19
12 19
19 13
12 13
12 13
12 13
12 13
12 11
12 11
12 11
12 11
12 11
12 11
12 11
12 11
12 11
12 11
18 16
18 16
18 16
18 15
18 15
18 16
18 16
18 16
18 16
18 16
18 16
4 0
4 0
4 0
4 3
4 3
4 3
3 4
3 4
3 4
3 0
3 0
3 1
3 1
3 1
3 1
3 1
3 1
3 1
1 2
1 2
1 2
1 2
1 2
1 11
3 1
1 3
1 2
1 2
1 2
1 2
13 19
13 19
13 19
13 19
19 13
13 19
12 13
12 13
12 13
12 13
12 11
12 11
5 0
3 7
1 3
3 1
1 3
12 11
11 12
13 19
19 13
19 14
19 14
19 14
19 15
19 15
15 19
15 19
15 19
15 18
15 19
15 18
3 7
6 5
6 5
6 5
6 5
4 5
4 0
4 0
4 0
4 3
3 4
3 4
3 4
3 4
3 4
3 4
3 4
3 4
3 4
11 1
11 1
11 1
11 1
11 1
3 0
3 0
3 0
3 0
3 0
3 4
3 4
3 4
3 4
3 0
3 0
21 0
21 0
21 20
21 20
21 20
21 20
20 21
20 21
20 21
20 21
20 19
20 19
20 19
19 20
19 20
19 20
19 13
19 13
13 19
13 12
18 15
18 15
18 15
18 15
18 15
18 15
15 18
15 18
15 18
18 15
18 15
15 18
15 18
15 18
18 15
15 18
15 18
15 18
15 18
15 18
15 16
15 18
15 18
18 15
15 18
15 18
16 18
16 15
16 18
18 16
15 18
15 18
15 18
15 18
15 18
15 18
18 16
18 16
18 16
18 16
18 16
18 15
18 15
18 15
18 16
18 15
15 16
15 16
15 18
12 13
12 13
12 13
12 11
12 11
12 11
12 11
12 11
12 11
12 11
12 11
12 11
12 13
12 13
15 18
15 16
15 16
15 16
15 16
15 16
15 16
15 16
15 16
15 18
15 16
15 16
15 16
15 16
15 16
15 16
15 18
15 16
18 16
18 16
18 16
15 16
15 16
15 16
15 16
15 16
15 16
15 16
15 16
15 16
15 16
15 16
15 16
15 16
15 16
15 16
15 16
15 16
15 16
15 16
15 16
15 16
15 16
15 16
15 16
15 16
15 16
15 16
15 18
15 18
15 18
18 15
18 15
18 15
18 15
15 18
18 15
15 16
15 18
15 18
15 18
15 18
15 18
15 18
16 18
16 18
15 18
15 0
15 18
15 0
15 18
15 18
15 18
15 18
15 18
15 18
15 18
15 18
15 18
15 18
15 18
15 18
15 18
15 18
15 18
15 18
15 18
18 15
15 18
15 18
15 19
15 19
15 19
15 19
15 19
15 19
15 19
15 19
15 0
18 15
18 15
16 18
16 18
15 18
18 15
18 15
18 15
19 15
19 15
3 1
3 0
3 1
3 1
3 1
3 1
11 12
11 12
11 12
11 12
11 12
11 12
11 12
12 11
11 12
11 12
12 11
12 11
12 11
13 19
15 18
15 18
19 15
18 15
15 18
15 18
15 18
15 18
15 19
18 15
18 15
18 15
18 15
18 15
18 15
18 15
18 15
18 15
18 15
18 15
18 15
18 15
18 15
18 15
18 15
18 15
18 15
18 15
18 15
18 15
18 15
18 15
18 15
11 1
11 12
13 12
12 13
12 13
13 12
19 13
19 13
19 13
19 20
21 20
20 21
12 19
19 12
12 19
12 19
12 11
11 12
20 19
15 18
15 18
15 18
15 16
15 18
15 18
15 16
15 16
15 16
15 16
15 16
16 18
15 18
16 18
16 18
12 19
19 12
19 12
12 19
12 11
12 19
3 4
3 4
3 4
11 12
12 11
11 12
11 12
11 12
11 12
11 12
11 1
11 1
19 20
19 20
19 20
12 11
12 11
12 11
12 11
12 11
12 19
19 12
19 20
20 19
20 19
20 19
20 19
20 19
20 19
20 19
20 19
20 19
20 19
20 19
20 19
20 19
20 19
20 19
20 19
20 19
12 19
12 11
19 12
19 20
19 12
12 13
13 12
19 20
19 20
19 20
21 22
21 22
12 11
12 11
12 11
12 11
12 11
12 11
12 11
12 11
13 12
20 19
20 19
20 19
20 19
20 19
20 19
20 19
13 12
19 20
19 13
11 1
11 1
11 1
11 1
11 1
11 1
18 15
18 15
18 15
18 15
18 15
18 15
15 18
15 18
18 15
18 15
18 15
18 15
18 15
18 15
15 18
15 18
15 18
15 18
15 19
18 15
18 15
19 15
19 15
20 19
20 19
20 19
20 21
18 15
18 15
19 20
19 20
19 20
19 20
19 20
20 19
20 19
20 19
20 19
20 19
18 16
18 16
18 16
18 16
18 16
20 19
20 21
20 21
21 20
21 20
21 0
15 14
15 14
14 19
14 13
13 14
13 19
13 19
15 14
15 14
14 15
14 13
14 13
14 15
15 18
20 21
20 21
20 21
20 21
20 21
20 21
20 21
20 21
20 21
20 21
20 19
20 19
19 20
19 20
19 20
19 20
15 19
15 0
13 19
13 12
14 13
14 13
14 13
18 15
18 15
18 15
25 24
25 0
25 0
25 0
25 0
25 0
31 0
31 0
31 0
31 0
31 0
31 0
31 0
31 0
31 0
31 0
31 0
31 0
31 0
31 0
31 0
31 0
31 0
31 0
22 21
22 21
22 35
22 35
22 35
22 35
32 33
32 33
32 33
32 33
33 32
33 34
33 34
33 32
33 32
33 32
34 33
34 33
34 33
34 33
34 0
34 33
34 33
34 0
34 0
34 33
33 32
33 32
33 34
33 34
32 29
32 29
32 33
32 33
32 33
32 33
33 34
33 32
33 32
33 32
33 32
34 33
34 33
34 33
34 33
34 33
34 33
34 0
34 0
34 0
30 31
30 31
30 31
30 29
29 32
29 32
32 29
32 29
29 32
29 32
30 29
30 29
30 29
30 29
30 29
30 29
30 31
30 31
31 30
31 30
31 30
31 30
31 30
31 30
30 31
30 29
30 29
30 31
29 30
29 26
29 26
29 26
29 30
30 29
30 29
29 30
31 30
31 30
31 30
31 30
30 31
30 29
30 31
30 31
29 26
29 26
29 26
29 26
30 29
30 29
30 29
30 29
31 30
31 30
31 30
31 30
28 0
28 0
28 0
28 0
27 28
27 26
27 26
27 28
26 29
26 29
26 29
27 26
27 26
27 26
26 27
27 26
27 26
27 26
27 28
28 27
28 27
28 27
28 27
28 27
28 0
28 0
28 0
28 0
28 0
28 0
28 0
27 28
27 28
27 26
27 26
26 23
26 27
26 23
23 26
26 27
27 26
27 26
26 27
28 27
28 27
28 27
28 27
28 27
28 27
28 0
28 0
28 0
28 0
28 0
28 0
27 28
27 28
27 26
27 26
26 23
26 23
26 23
23 26
27 26
26 27
27 26
27 26
28 27
28 27
28 27
28 27
28 0
28 0
24 23
24 23
24 23
24 23
23 24
23 26
23 26
24 23
24 23
23 24
23 26
23 24
24 25
24 25
25 24
24 25
25 24
24 25
25 24
25 24
25 24
23 24
23 24
24 23
24 23
23 24
24 25
24 25
25 24
25 24
25 24
25 24
25 24
25 24
32 22
32 0
32 29
32 29
32 22
32 22
29 32
29 32
32 29
32 22
22 32
22 26
29 26
23 22
22 23
22 23
23 22
28 0
28 0
27 28
27 28
26 27
26 29
27 26
27 26
28 27
28 27
23 26
23 26
24 23
24 23
23 26
25 24
24 25
25 24
30 31
30 29
29 30
30 29
30 29
31 0
31 30
32 33
33 32
33 0
33 34
33 32
34 33
34 0
34 0
23 22
23 22
23 0
23 0
36 37
36 37
36 37
36 37
22 36
36 22
22 32
32 22
36 35
36 35
37 36
37 0
37 0
37 36
37 0
37 0
22 35
22 35
35 22
35 22
22 35
22 35
22 35
35 22
22 35
22 21
24 23
24 23
24 23
24 23
23 24
23 24
23 24
23 24
24 25
24 25
24 25
25 24
25 24
25 24
33 34
33 32
33 32
33 34
32 33
32 33
32 33
32 33
33 32
33 32
34 33
34 33
34 33
34 33
34 0
34 0
22 23
22 23
22 23
22 23
23 26
23 22
23 26
23 26
26 22
26 23
29 32
29 22
29 26
29 32
32 22
32 29
32 0
32 0
32 29
32 29
32 29
22 23
22 23
22 26
22 29
22 29
22 32
36 37
36 37
36 35
37 0
37 36
37 0
22 21
35 22
36 35
36 37
36 37
36 37
22 35
22 32
35 22
36 22
37 0
37 0
37 36
37 36
37 0
37 0
36 37
36 37
36 37
36 35
35 36
35 36
35 0
35 22
36 35
36 37
36 37
36 35
36 35
35 36
36 35
36 35
37 0
37 36
37 0
37 0
37 0
37 0
37 0
37 0
37 0
36 35
36 37
22 35
22 35
35 22
37 0
37 36
37 0
32 22
36 37
36 37
36 22
37 0
37 36
37 0
36 37
36 37
32 22
36 22
37 0
37 36
37 0
22 21
22 21
22 21
21 22
22 23
22 23
22 21
22 21
22 21
22 21
22 23
22 23
22 21
22 21
22 21
22 21
22 32
22 21
22 21
22 29
22 21
22 21
22 23
22 23
22 21
22 21
22 21
22 21
22 21
22 21
22 21
22 23
22 23
22 21
22 21
22 21
22 23
22 21
35 36
22 35
22 23
22 23
37 0
37 0
37 0
37 0
37 0
37 0
28 0
28 0
34 0
34 0
34 0
34 0
34 0
34 0
34 0
37 0
37 36
37 0
25 24
25 24
24 25
24 23
24 23
23 24
23 26
23 26
23 22
23 22
37 0
37 0
37 0
37 0
37 0
31 0
31 0
31 0
31 0
31 0
31 0
34 0
34 0
34 0
34 0
34 0
34 0
25 24
25 24
25 0
25 0
25 0
25 0
34 0
34 0
34 0
34 0
34 0
31 0
31 0
31 0
31 0
31 0
31 0
28 0
28 0
28 0
28 0
28 0
25 24
25 0
25 24
25 24
25 24
37 0
37 0
37 0
37 0
37 0
37 0
37 0
37 0
37 0
37 0
37 0
24 25
24 0
24 25
24 25
24 23
24 25
24 25
24 25
31 0
31 0
31 30
28 27
28 27
28 27
28 27
25 24
25 24
25 24
34 33
34 33
34 33
32 33
32 33
32 33
32 33
32 29
32 29
32 29
32 29
29 30
29 30
29 30
29 30
29 30
29 30
29 30
29 30
26 27
26 27
26 27
26 27
26 27
26 27
26 27
26 27
23 24
23 24
23 24
23 24
23 24
23 24
23 24
23 24
26 29
22 26
22 26
22 23
23 22
23 26
23 26
26 23
22 21
22 21
37 36
37 36
37 36
37 36
37 36
37 36
37 36
37 36
37 36
37 36
37 36
37 36
17 0
17 0
17 0
17 0
17 0
17 0
17 0
17 0
17 0
17 0
17 0
17 0
17 0
17 0
17 0
17 0
17 0
17 0
17 0
17 0
17 0
17 0
17 0
17 0
17 0
17 0
17 0
17 0
17 0
17 0
17 0
17 0
17 0
17 0
17 0
17 0
17 0
17 0
17 0
17 0
17 0
17 0
17 0
17 0
17 0
17 0
17 0
17 0
17 0
17 0
17 0
16 0
16 0
16 0
16 0
16 0
16 0
16 0
16 0
16 0
16 0
16 0
16 0
16 0
16 0
16 0
16 0
16 0
16 0
16 0
16 0
16 0
16 0
16 0
16 0
16 0
16 0
16 0
16 0
16 0
16 0
16 0
16 0
16 0
16 0
16 0
16 0
16 0
16 0
16 0
16 0
16 0
16 0
16 0
16 0
16 0
16 0
16 0
16 0
16 0
16 0
16 0
