-0.499565 0.500435 0.500436 0.499563
-3e-06 1 1e-06 0.000523
-3e-06 1 -1e-06 0.000521
0.090227 0.03788 -0.993998 0.048907
0 -0.189981 0 0.981788
0.051003 0.570408 -0.035156 0.819022
0.002845 0.279268 -0.000389 0.960209
-0.090161 0.03804 0.993911 0.050638
0 -0.189981 0 0.981788
-0.051003 0.570407 0.035156 0.819023
-5.8e-05 0.274241 -0.000391 0.961661
1e-06 0.999999 -2e-06 -0.00104
0 0 -1e-06 1
-3e-06 0.000197 3e-06 1
8e-06 0.000561 -8e-06 1
-0.000302 0.385842 0.000764 0.922565
0.273291 0.652113 -0.652179 0.273357
0.27329 0.652113 -0.652179 0.273357
0.08211 0.513718 0.134876 0.843303
0.068765 -0.703863 -0.703756 0.067645
0.054885 -0.135924 -0.128406 0.980828
0 -0.077858 -1e-06 0.996964
0.013724 0.007398 -0.623632 0.781563
-0.037993 -0.030385 0.022543 0.998562
0.015862 0.13307 0.001665 0.990978
0.044508 0.127683 0.001537 0.990815
-0.012204 -0.049384 0.031973 0.998193
0.007698 0.140453 -0.003147 0.990053
-0.001334 0.106694 0.01412 0.994191
-0.011594 -0.038017 0.033614 0.998644
0.000305 0.134893 -0.001058 0.99086
0.003184 0.115959 0.00121 0.993248
0.003649 -0.055232 0.036703 0.997792
-0.009829 0.135231 -0.013063 0.990679
-0.003045 0.188081 -0.013875 0.982051
0.431079 0.021862 0.515966 0.739913
-0.069174 0.063953 0.330661 0.939036
0.048675 0.027079 -0.072085 0.995842
-0.068759 -0.703853 0.703767 0.067638
-0.054867 -0.135915 0.128322 0.980842
0 -0.077889 1e-06 0.996962
-0.023158 -0.004316 0.63582 0.771478
0.04169 -0.047656 -0.042668 0.997081
-0.01773 0.15028 -0.006287 0.988465
-0.028261 0.126185 -0.005318 0.99159
0.029275 -0.003158 -0.046217 0.998497
-0.00677 0.112941 0.002915 0.993574
-0.002272 0.105311 -0.001025 0.994436
0.020146 -0.035503 -0.047466 0.998038
-0.000459 0.091576 -0.006986 0.995773
-0.003657 0.163448 -0.001104 0.986545
0.011858 -0.01594 -0.052157 0.998441
-0.002237 0.11374 0.007817 0.993477
0.003579 0.121001 0.013655 0.992552
-0.386392 0.019456 -0.539366 0.747935
-0.018052 0.081997 -0.258913 0.962245
-0.016737 -0.012236 0.068193 0.997457
